Thu Oct  8 07:53:11 CST 2020
0.35,0.67,-9.05,819
0.42,0.81,-9.77,820
0.32,0.47,-8.84,821
0.24,0.60,-9.51,822
0.39,1.10,-11.09,823
0.31,0.26,-8.41,824
0.24,0.97,-10.82,825
0.35,0.60,-9.28,826
0.17,0.25,-8.49,827
0.21,0.55,-9.31,828
0.18,0.28,-8.33,829
0.37,0.80,-10.00,830
0.22,0.67,-9.65,831
0.30,0.67,-9.62,832
0.24,0.79,-9.72,833
0.26,0.67,-9.78,834
0.32,0.95,-10.29,835
0.21,0.62,-10.20,836
-0.01,0.25,-10.54,837
-0.11,0.01,-9.45,838
-0.26,0.31,-10.10,839
-0.25,0.17,-9.78,840
0.25,-0.09,-9.72,841
0.77,0.13,-9.95,842
0.49,0.24,-10.15,843
0.22,0.50,-10.57,844
-0.05,0.84,-10.33,845
-0.02,0.98,-8.43,846
0.13,1.78,-9.87,847
0.14,1.28,-9.08,848
0.16,1.04,-7.35,849
0.12,1.03,-9.37,850
0.06,0.55,-9.90,851
-0.08,0.59,-9.39,852
-0.37,0.81,-9.72,853
-0.31,0.37,-7.92,854
-1.27,-0.21,-10.13,855
-1.02,-0.23,-9.53,856
-0.55,-0.72,-9.59,857
-0.90,-0.59,-9.90,858
-0.74,-0.27,-10.34,859
-0.27,-0.49,-9.29,860
-0.46,0.17,-9.66,861
-0.26,0.84,-10.12,862
-0.20,0.15,-9.86,863
-0.18,0.87,-10.22,864
0.07,0.71,-8.90,865
-0.07,0.35,-9.85,866
-0.08,0.83,-9.26,867
-0.12,1.11,-10.18,868
0.02,1.45,-9.82,869
-0.15,1.99,-10.82,870
-0.32,1.22,-9.67,871
-0.06,1.43,-10.22,872
-0.18,0.64,-9.87,873
-0.27,0.23,-9.85,874
0.07,0.11,-9.79,875
-0.21,0.00,-9.82,876
-0.96,-0.29,-10.22,877
-1.14,-0.42,-9.59,878
-1.38,-0.13,-9.88,879
-1.28,-0.07,-10.06,880
-0.87,-0.19,-9.52,881
-0.39,-0.38,-9.37,882
-0.48,-0.31,-9.63,883
-0.16,0.01,-10.04,884
-0.42,-0.05,-9.43,885
-0.01,-0.09,-8.73,886
-0.24,0.26,-8.98,887
-0.12,0.55,-9.38,888
-0.22,1.04,-10.42,889
-0.13,0.98,-10.36,890
-0.17,1.44,-10.39,891
0.13,1.66,-10.38,892
0.02,1.85,-9.35,893
-0.04,2.20,-9.45,894
0.18,2.17,-9.83,895
-0.06,1.38,-9.50,896
-0.10,1.34,-10.47,897
-0.12,1.00,-9.30,898
-0.09,0.48,-9.36,899
0.08,1.21,-11.17,900
0.08,1.25,-11.39,901
0.03,0.74,-9.08,902
0.08,0.91,-9.53,903
0.01,0.69,-9.01,904
0.07,1.08,-9.93,905
0.07,0.96,-9.81,906
0.09,0.97,-9.88,907
0.06,0.91,-9.80,908
0.05,0.95,-9.77,909
0.05,0.90,-9.59,910
0.05,0.98,-9.94,911
0.08,0.89,-9.69,912
0.06,0.88,-9.65,913
0.08,0.96,-9.82,914
0.06,0.93,-10.01,915
0.21,1.23,-10.02,916
0.09,0.87,-8.78,917
0.15,1.22,-10.53,918
0.09,0.92,-9.88,919
0.09,1.01,-9.75,920
0.09,0.95,-9.86,921
0.11,0.95,-9.77,922
0.05,0.65,-8.82,923
0.04,0.85,-9.56,924
0.09,0.91,-9.69,925
0.11,0.94,-9.85,926
0.08,0.94,-9.82,927
0.08,0.89,-9.66,928
0.07,0.92,-9.64,929
0.07,0.92,-9.75,930
0.06,0.90,-9.79,931
0.08,0.85,-9.58,932
0.13,1.02,-9.91,933
0.03,0.71,-8.69,934
0.19,1.32,-10.33,935
0.07,0.81,-9.64,936
0.07,0.95,-9.79,937
0.09,0.97,-10.01,938
0.07,0.81,-9.50,939
0.08,0.95,-9.74,940
0.10,1.01,-10.28,941
0.06,0.86,-9.51,942
0.11,0.96,-9.72,943
0.07,0.91,-9.63,944
0.07,0.89,-9.74,945
0.08,0.97,-9.82,946
0.10,0.95,-9.81,947
0.07,0.87,-9.65,948
0.10,0.91,-9.72,949
0.11,0.85,-9.67,950
0.09,0.96,-9.77,951
0.08,0.82,-9.27,952
0.03,0.39,-8.88,953
-0.05,0.22,-9.59,954
-0.05,0.35,-9.98,955
-0.08,0.08,-9.81,956
-0.09,0.36,-9.66,957
0.13,0.43,-9.49,958
-0.07,0.61,-10.51,959
-0.10,0.96,-9.98,960
0.13,1.20,-9.84,961
0.16,1.89,-10.44,962
0.39,1.54,-9.90,963
0.44,1.59,-10.00,964
0.48,2.31,-12.18,965
0.46,1.74,-10.22,966
0.42,1.17,-9.48,967
0.41,0.96,-9.68,968
0.37,0.82,-9.71,969
0.35,0.94,-9.79,970
0.29,0.69,-9.55,971
0.17,0.15,-10.31,972
0.03,0.12,-9.55,973
0.14,0.60,-9.61,974
0.24,0.76,-11.19,975
0.07,0.11,-7.99,976
0.20,0.63,-11.56,977
-0.05,0.64,-11.29,978
-0.28,-0.09,-9.36,979
-0.64,-0.35,-9.59,980
-0.75,-0.20,-9.48,981
-1.21,0.18,-9.25,982
-1.73,0.28,-9.75,983
-1.59,0.56,-9.86,984
-0.92,0.26,-9.34,985
-0.45,-0.06,-8.85,986
-0.63,-0.09,-9.41,987
-0.42,-0.24,-9.11,988
-0.64,0.28,-10.73,989
-0.72,-0.07,-9.18,990
-0.67,0.11,-9.56,991
-0.14,-0.64,-11.77,992
-0.46,0.17,-9.72,993
-0.74,0.44,-10.00,994
-0.63,0.45,-9.20,995
-0.68,1.02,-9.43,996
-0.65,0.85,-8.81,997
-0.48,0.85,-9.76,998
-0.58,0.70,-8.83,999
-0.98,1.08,-10.01,1000
-0.54,0.91,-10.36,1001
-0.65,0.68,-8.38,1002
-0.31,0.98,-10.00,1003
-0.57,1.54,-9.57,1004
-0.58,0.98,-9.11,1005
-0.14,2.39,-7.69,1006
0.92,2.71,-10.39,1007
1.45,1.59,-9.82,1008
1.30,0.61,-9.72,1009
1.25,0.24,-9.95,1010
0.92,-0.44,-9.36,1011
-0.21,-0.44,-8.81,1012
0.07,0.05,-12.02,1013
-0.05,-1.60,-6.50,1014
-0.57,2.37,-11.70,1015
-0.01,-0.52,-9.57,1016
-0.29,0.41,-9.59,1017
0.25,0.68,-9.74,1018
0.18,0.98,-10.11,1019
-0.03,1.42,-9.85,1020
-0.22,1.91,-10.22,1021
-0.74,1.91,-9.92,1022
-1.44,1.08,-9.81,1023
-0.90,0.67,-9.76,1024
-0.85,0.28,-10.09,1025
-0.05,-0.34,-9.44,1026
-0.23,-0.08,-10.14,1027
-0.30,0.46,-10.14,1028
-0.14,1.13,-9.16,1029
-0.51,2.25,-9.51,1030
-1.79,2.27,-9.52,1031
-1.70,0.78,-9.49,1032
-1.52,0.35,-9.46,1033
-0.54,-0.15,-9.79,1034
-0.46,-0.18,-10.31,1035
0.01,0.02,-9.99,1036
-0.20,0.72,-9.82,1037
-0.14,0.95,-9.79,1038
0.03,1.15,-9.92,1039
-0.13,1.27,-9.65,1040
-0.30,1.45,-9.51,1041
-0.53,1.47,-9.83,1042
-1.13,1.28,-9.88,1043
-1.39,1.23,-9.77,1044
-1.38,0.58,-9.62,1045
-1.55,-0.29,-9.74,1046
-1.36,0.13,-9.62,1047
-1.04,0.57,-10.24,1048
-0.99,0.24,-9.70,1049
-1.09,0.13,-10.27,1050
-1.10,0.10,-9.81,1051
-0.86,0.12,-9.44,1052
-0.85,-0.02,-9.76,1053
-0.99,0.65,-10.02,1054
-0.87,1.19,-9.82,1055
-0.59,1.14,-9.28,1056
-1.01,0.67,-9.18,1057
-0.55,0.93,-10.15,1058
-0.62,1.03,-9.32,1059
-0.35,1.60,-10.41,1060
0.04,1.90,-9.49,1061
-0.07,1.98,-10.13,1062
0.14,2.01,-9.88,1063
-0.07,1.85,-9.59,1064
0.14,1.12,-9.77,1065
0.11,1.44,-9.21,1066
0.17,1.48,-9.57,1067
-0.14,1.46,-11.35,1068
-0.66,0.83,-9.87,1069
-0.53,1.17,-9.60,1070
-0.35,1.69,-12.76,1071
-0.34,1.18,-10.00,1072
-0.57,0.05,-9.05,1073
-0.63,-0.17,-9.51,1074
-0.64,-0.98,-10.14,1075
-0.74,-0.60,-10.05,1076
-0.59,-0.19,-9.14,1077
-0.47,0.37,-10.43,1078
-0.22,1.03,-9.27,1079
0.71,1.54,-10.11,1080
0.88,1.42,-8.93,1081
-0.22,1.85,-9.84,1082
0.37,2.23,-9.98,1083
0.24,1.04,-9.79,1084
0.46,1.46,-9.58,1085
0.82,0.80,-9.50,1086
0.82,0.99,-10.09,1087
0.92,0.43,-9.96,1088
0.78,0.34,-10.02,1089
0.36,0.37,-9.69,1090
-0.07,0.48,-9.79,1091
0.22,0.61,-9.91,1092
-0.06,0.38,-10.20,1093
-0.20,0.17,-9.27,1094
-0.31,-0.03,-9.50,1095
-0.22,-0.14,-9.58,1096
-0.32,0.09,-9.46,1097
-0.57,0.50,-10.15,1098
-0.46,0.74,-9.99,1099
-0.32,0.79,-10.43,1100
-0.05,1.06,-9.68,1101
0.53,0.56,-10.15,1102
0.52,0.58,-9.92,1103
0.34,0.09,-9.73,1104
0.34,-0.44,-9.71,1105
0.52,0.30,-9.92,1106
0.76,0.69,-10.70,1107
0.38,0.48,-9.60,1108
0.36,0.07,-9.94,1109
0.32,-0.19,-10.02,1110
0.24,-0.21,-9.88,1111
0.08,-0.19,-9.41,1112
-0.34,-0.34,-9.63,1113
-0.37,0.07,-9.71,1114
-0.48,0.38,-9.39,1115
-0.43,0.71,-9.56,1116
-0.03,0.60,-8.40,1117
-0.14,0.87,-9.73,1118
-0.19,0.49,-9.50,1119
-0.94,0.91,-10.06,1120
-1.12,0.62,-9.31,1121
-0.61,0.86,-9.83,1122
0.28,1.58,-9.82,1123
0.31,0.96,-9.35,1124
0.34,1.18,-10.84,1125
0.31,1.25,-10.16,1126
0.04,0.87,-9.54,1127
0.17,0.94,-9.26,1128
0.37,0.76,-10.15,1129
0.29,0.91,-9.62,1130
0.30,0.40,-9.38,1131
0.39,0.76,-11.42,1132
-0.13,0.11,-8.43,1133
-0.02,0.85,-9.34,1134
0.13,1.03,-10.48,1135
0.15,0.42,-8.66,1136
0.38,1.05,-9.88,1137
0.23,0.94,-9.89,1138
0.15,0.97,-9.39,1139
0.14,0.95,-9.74,1140
0.18,0.76,-9.92,1141
0.22,0.86,-9.60,1142
0.19,0.76,-9.60,1143
0.40,1.20,-10.88,1144
0.42,1.19,-10.98,1145
0.24,0.69,-9.80,1146
0.24,0.93,-9.85,1147
0.28,1.04,-10.03,1148
0.28,0.75,-9.71,1149
0.27,0.94,-9.82,1150
0.25,0.39,-9.00,1151
0.29,0.65,-9.36,1152
0.26,0.91,-9.84,1153
0.28,0.83,-10.09,1154
0.29,0.87,-9.76,1155
0.34,0.76,-9.67,1156
0.33,0.93,-9.87,1157
0.21,0.54,-9.64,1158
0.35,0.82,-9.74,1159
0.31,0.98,-10.12,1160
0.34,0.94,-10.32,1161
0.32,1.02,-10.47,1162
0.27,0.71,-9.30,1163
0.36,1.18,-11.05,1164
0.27,0.69,-9.14,1165
0.32,0.86,-9.79,1166
0.28,0.75,-9.32,1167
0.36,0.97,-10.29,1168
0.25,0.80,-9.57,1169
0.41,1.01,-10.25,1170
0.18,0.53,-8.66,1171
