Thu Oct  8 07:40:08 CST 2020
  nan   nan   nan 36
 0.21  1.83 -8.98 37
 0.28  1.83 -9.62 38
 0.08  2.19 -10.22 39
-0.35  0.28 -10.37 40
-0.04  1.23 -11.44 41
 0.02  1.07 -11.10 42
-0.05  0.07 -8.64 43
 0.03  0.84 -10.69 44
 0.01  0.49 -9.65 45
 0.02  0.18 -8.82 46
 0.03  0.63 -10.23 47
 0.02  0.46 -9.72 48
-0.01  0.37 -9.25 49
 0.06  0.68 -10.36 50
 0.02  0.43 -9.56 51
 0.04  0.31 -9.36 52
-0.08 -0.21 -8.05 53
-0.05 -0.04 -8.33 54
 0.08  0.67 -10.41 55
 0.01  0.52 -9.66 56
 0.05  0.68 -10.22 57
 0.04  0.68 -10.10 58
 0.04  0.33 -9.31 59
 0.03  0.53 -9.93 60
-0.00  0.58 -10.36 61
-0.03  0.19 -9.23 62
 0.05  0.69 -10.23 63
 0.00  0.23 -8.89 64
 0.01  0.45 -9.57 65
 0.06  0.63 -10.13 66
 0.06  0.66 -10.33 67
 0.03  0.32 -9.55 68
-0.13  0.11 -9.65 69
-0.12  0.02 -9.53 70
-0.14  0.14 -9.91 71
-0.05  0.19 -9.58 72
-0.11  0.15 -9.67 73
-0.09  0.20 -9.84 74
-0.11  0.20 -9.89 75
-0.14  0.16 -9.90 76
-0.14  0.13 -9.84 77
-0.16 -0.07 -9.80 78
-0.31 -0.31 -9.36 79
-0.19 -0.17 -9.90 80
 0.15 -0.65 -9.72 81
 0.33 -0.34 -9.91 82
 0.32 -0.51 -9.90 83
-0.01 -0.55 -9.86 84
 0.18 -0.63 -9.60 85
 0.33 -0.61 -9.66 86
 0.49 -0.43 -9.60 87
 0.46 -0.38 -9.85 88
 0.27 -0.21 -8.90 89
 0.27 -0.28 -9.83 90
 0.47 -0.43 -9.44 91
 0.92 -0.31 -10.02 92
 0.84 -0.15 -9.88 93
 0.16  0.14 -12.48 94
 0.58 -0.54 -10.29 95
 0.39 -0.32 -9.03 96
 0.18 -0.26 -9.38 97
 0.44 -0.08 -9.91 98
 0.93 -0.06 -9.64 99
 0.35  0.11 -9.84 100
-0.18 -0.89 -10.19 101
-0.24  0.58 -10.26 102
-0.02  0.05 -9.76 103
 0.29  0.79 -9.98 104
 0.15  0.88 -10.21 105
 0.20  1.41 -9.06 106
 0.06  1.07 -9.34 107
-0.08  0.41 -9.66 108
-0.27  0.48 -8.35 109
 0.01  0.51 -9.44 110
 0.37  0.47 -9.66 111
 0.47  1.03 -9.48 112
 0.39  1.68 -9.51 113
 0.36  2.26 -10.43 114
 0.10  2.09 -9.89 115
 0.12  2.06 -9.75 116
 0.17  1.80 -9.63 117
 0.09  1.51 -9.93 118
 0.13  1.29 -9.75 119
 0.14  1.04 -9.85 120
 0.09  0.91 -9.72 121
 0.11  0.83 -9.96 122
 0.15  0.73 -9.68 123
 0.14  0.74 -9.74 124
 0.13  0.75 -9.67 125
 0.12  0.75 -9.81 126
 0.11  0.72 -9.79 127
 0.09  0.26 -9.63 128
 0.10 -0.58 -10.02 129
 0.18 -0.52 -9.22 130
-0.38 -0.30 -9.96 131
-1.22  0.13 -9.33 132
-1.57  0.12 -10.11 133
-1.67  0.08 -9.87 134
-1.65  0.03 -9.96 135
-2.11 -0.12 -9.64 136
-0.94 -0.51 -9.68 137
-0.32 -0.86 -9.05 138
-0.09 -0.53 -9.93 139
-0.29 -0.40 -10.36 140
-0.42 -0.20 -10.59 141
-0.19 -0.16 -10.34 142
-0.04  0.26 -10.96 143
-0.09  0.01 -9.48 144
 0.08  0.18 -9.95 145
-0.17 -0.28 -10.10 146
 0.06 -0.32 -10.62 147
-0.14  0.21 -10.34 148
-0.44  0.51 -10.20 149
-0.06  0.34 -10.27 150
-0.06  0.96 -10.33 151
-0.04  1.20 -9.98 152
 0.07  1.50 -9.83 153
 0.78  1.66 -10.05 154
 1.24  1.50 -9.99 155
 1.91  1.34 -9.58 156
 2.18  0.76 -10.02 157
 2.03  0.07 -10.00 158
 0.34 -0.63 -9.53 159
-0.18 -0.80 -10.04 160
-0.15 -0.76 -9.79 161
-0.35  1.17 -13.22 162
 0.12  0.23 -10.02 163
 0.13  0.34 -9.92 164
-0.06  0.57 -8.64 165
-0.36  0.97 -9.65 166
-0.29  0.89 -10.92 167
 0.10 -0.23 -8.76 168
-0.10 -0.24 -8.75 169
 0.23  0.43 -10.11 170
 0.10  0.02 -9.24 171
 0.29 -0.30 -10.20 172
 0.08 -0.07 -10.42 173
-0.02  0.05 -9.66 174
 0.07 -0.08 -8.45 175
 0.15  0.64 -10.03 176
-0.56  1.28 -9.20 177
-0.01  0.36 -9.55 178
-0.03  0.23 -9.99 179
 0.12  0.42 -11.24 180
-0.04  0.64 -11.06 181
-0.02 -0.06 -9.69 182
-0.09  0.15 -8.71 183
 0.10 -0.31 -9.02 184
 0.41  0.38 -9.00 185
-0.09  0.11 -9.31 186
-0.16  0.15 -9.47 187
 0.04  0.25 -11.07 188
 0.16 -0.39 -8.01 189
-0.11  0.21 -8.83 190
 0.21  0.13 -10.25 191
-0.10  0.35 -8.30 192
-0.11  0.65 -9.85 193
-0.20  1.40 -11.26 194
-0.20  1.18 -9.75 195
 0.03  1.67 -6.50 196
-0.06  1.78 -9.94 197
-0.57  1.15 -14.97 198
-0.18  2.05 -9.25 199
-0.04  1.67 -9.07 200
 0.18  1.75 -9.59 201
-0.30  1.78 -10.00 202
-0.43  0.85 -10.05 203
-0.41  0.77 -9.37 204
-0.38  0.78 -11.50 205
-0.39  0.22 -9.76 206
-0.44 -0.13 -9.86 207
-0.54 -0.26 -10.16 208
-0.75 -0.37 -9.53 209
-0.51 -0.48 -9.51 210
-0.77 -0.35 -9.82 211
-0.61 -0.44 -9.05 212
-0.56 -0.26 -9.81 213
-0.33 -0.20 -9.70 214
 0.05 -0.29 -9.47 215
-0.23  0.19 -10.41 216
-0.01  0.40 -10.51 217
-0.15  0.35 -10.29 218
-0.40 -0.11 -9.84 219
-0.13 -0.39 -8.82 220
 0.02 -0.32 -10.03 221
-0.14  0.06 -9.50 222
-0.09  0.48 -10.08 223
 0.13  0.32 -4.38 224
-0.22  0.39 -9.66 225
-0.05  0.45 -9.53 226
-0.10  0.06 -9.68 227
-0.25 -0.17 -9.70 228
-0.12 -0.17 -9.47 229
-0.21 -0.10 -9.46 230
-0.01 -0.14 -8.40 231
-0.06  0.98 -10.21 232
-0.25  0.49 -9.67 233
-0.16  0.60 -9.69 234
-0.31  0.64 -9.23 235
-0.57  0.51 -9.21 236
-0.94  0.50 -9.63 237
-0.80  0.61 -10.17 238
-0.52  0.78 -11.08 239
-0.48 -0.12 -11.08 240
-0.29  0.40 -9.90 241
-0.41  0.83 -9.63 242
-0.09  0.74 -6.21 243
-0.20  0.72 -9.94 244
-0.27  0.38 -10.56 245
-0.23  1.10 -9.80 246
 0.08  1.39 -8.96 247
 0.56  1.47 -9.77 248
 0.68  0.87 -9.41 249
 0.64  0.62 -9.70 250
 0.61 -0.03 -9.40 251
 0.34 -0.58 -9.51 252
-0.20 -0.66 -9.85 253
-0.55 -0.50 -9.64 254
-0.13 -0.11 -10.18 255
 0.25  0.48 -10.08 256
 0.79  0.74 -9.95 257
 0.64  0.93 -10.14 258
 0.10  0.42 -9.70 259
-0.29  0.60 -9.79 260
-0.36  0.55 -10.22 261
-0.28  0.90 -11.75 262
-0.28  0.28 -9.52 263
-0.34  0.43 -9.56 264
-0.15  0.64 -10.03 265
-0.13  0.35 -9.94 266
-0.16  0.39 -10.52 267
-0.20  0.26 -9.60 268
-0.26  0.01 -9.66 269
-0.09  0.21 -9.74 270
-0.02  0.52 -10.09 271
 0.06  0.91 -11.49 272
-0.05  0.84 -11.14 273
 0.07  0.83 -11.62 274
-0.13  0.36 -9.43 275
 0.01  0.58 -10.07 276
-0.01  0.46 -9.72 277
-0.13  0.20 -8.89 278
 0.04  0.61 -9.99 279
-0.02  0.57 -10.14 280
-0.02  0.48 -9.66 281
-0.00  0.65 -10.49 282
Exit!!
