Thu Oct  8 07:45:25 CST 2020
  nan   nan   nan 352
  nan   nan   nan 353
 0.02  0.70 -10.45 354
-0.08  0.33 -9.24 355
-0.03  0.62 -10.10 356
-0.19  0.10 -8.21 357
 0.12  0.68 -10.21 358
 0.05  0.44 -9.66 359
 0.03  0.42 -9.63 360
 0.14  0.83 -10.83 361
-0.02  0.47 -9.74 362
 0.03  0.51 -9.81 363
-0.03  0.35 -9.67 364
-0.17 -0.21 -10.33 365
-0.24 -0.67 -9.59 366
-0.20 -0.61 -9.89 367
-0.00 -0.34 -9.94 368
 0.12 -0.53 -9.82 369
 0.03 -0.35 -9.78 370
 0.06 -0.10 -9.75 371
 0.17 -0.15 -9.82 372
 0.15 -0.10 -9.33 373
-0.13  0.64 -9.77 374
 0.00  0.80 -10.05 375
-0.38  1.14 -9.75 376
-0.03  0.18 -9.63 377
 0.20  0.13 -9.66 378
-0.08  0.65 -9.58 379
 0.41 -0.10 -8.94 380
-0.05  0.93 -9.84 381
 0.18  1.24 -8.90 382
 0.10  0.54 -9.07 383
 0.29  1.01 -9.31 384
 0.35  1.47 -9.97 385
 0.18  1.30 -10.34 386
 0.22  1.51 -10.13 387
-0.10  0.64 -9.70 388
-1.61 -0.93 -9.66 389
-2.07  0.23 -9.81 390
-2.36 -0.05 -10.09 391
-0.91 -0.48 -9.59 392
-0.81 -0.66 -10.60 393
-0.36 -0.26 -10.72 394
-0.01 -0.62 -10.17 395
 0.20 -0.27 -9.86 396
 0.08 -1.15 -10.24 397
-0.20  0.98 -10.21 398
-0.04  0.86 -10.21 399
 0.95  1.55 -7.25 400
-0.21  0.40 -10.15 401
-0.59  0.13 -9.45 402
-0.90  0.55 -9.36 403
-1.39  0.62 -9.06 404
-1.61  0.48 -9.91 405
-1.75  0.43 -9.84 406
-0.79  0.33 -10.06 407
-0.10  0.68 -9.91 408
 0.08  0.47 -8.97 409
 0.16  0.64 -9.70 410
 0.08  1.10 -9.94 411
-0.40  1.04 -8.38 412
 0.26  1.25 -10.00 413
 0.14  2.28 -9.75 414
 0.23  2.09 -6.40 415
 0.21  1.52 -9.50 416
 0.13  1.71 -10.01 417
 0.04  1.49 -9.79 418
 0.17  1.45 -9.47 419
 0.07  1.39 -10.02 420
 0.10  1.17 -9.72 421
 0.10  1.21 -9.52 422
 0.08  1.02 -9.73 423
 0.06  0.68 -9.98 424
 0.05  0.68 -9.80 425
 0.11  0.61 -9.79 426
-0.00  0.13 -10.16 427
-0.11 -0.82 -9.57 428
-0.44 -0.76 -9.69 429
-0.83 -0.01 -9.91 430
-1.13 -0.13 -9.57 431
-1.62  0.13 -10.44 432
-1.84  0.95 -10.07 433
-2.35  0.44 -10.51 434
-1.38 -0.24 -9.66 435
-0.45 -0.54 -9.53 436
-0.15 -0.40 -10.39 437
-0.11 -0.36 -9.05 438
-0.01  0.03 -10.01 439
-0.06  0.40 -9.47 440
 0.09  0.38 -9.62 441
 0.03  1.53 -12.68 442
-0.10  0.32 -9.75 443
-0.11  2.00 -8.48 444
-0.03  1.13 -9.13 445
-0.11  0.96 -9.98 446
 0.12  0.22 -9.36 447
 0.13  0.11 -9.51 448
 0.05  0.07 -10.19 449
 0.11 -0.11 -9.23 450
 0.04  0.20 -10.09 451
-0.09 -0.14 -8.86 452
-0.04  0.01 -10.06 453
-0.06  0.76 -10.08 454
-0.04  0.25 -9.83 455
 0.09  0.70 -10.14 456
 0.39  0.63 -8.97 457
 0.85  2.12 -8.95 458
 1.47  1.76 -10.70 459
 0.64  2.05 -9.80 460
 0.93  1.81 -9.72 461
 1.52  1.02 -9.57 462
 1.84  0.70 -8.94 463
 2.14  0.59 -9.89 464
 2.20  0.15 -9.61 465
 2.08 -0.10 -9.98 466
 0.40 -0.58 -9.11 467
-0.04 -0.60 -9.35 468
-0.25  0.44 -10.42 469
-1.05  0.79 -9.72 470
-1.61  0.23 -9.98 471
-1.66  0.26 -10.03 472
-0.63  0.38 -8.76 473
-0.60 -2.45 -12.38 474
 0.22  3.92 -13.00 475
-0.13  0.30 -9.26 476
-0.36  0.71 -8.52 477
 0.17  1.01 -10.53 478
 0.02  0.69 -8.86 479
-0.39  1.01 -9.06 480
-0.00  1.01 -9.68 481
 0.17  0.74 -10.42 482
 0.59  0.50 -10.08 483
 0.26  0.32 -10.10 484
-0.16  0.20 -9.46 485
-0.62  0.41 -9.28 486
-0.25  0.88 -9.20 487
-0.26  0.56 -8.05 488
 0.43  0.43 -6.32 489
 0.59  1.85 -9.10 490
 0.10  1.06 -9.82 491
-0.18  1.76 -9.53 492
 0.14  1.52 -9.69 493
 0.12  1.43 -9.95 494
 0.15  1.08 -9.32 495
 0.15  0.98 -9.61 496
 0.04  0.47 -9.72 497
 0.04  0.40 -9.57 498
-0.03  0.04 -9.92 499
-0.12 -0.59 -9.64 500
-0.14  0.20 -9.38 501
-0.47  0.27 -9.50 502
-1.32 -0.46 -10.27 503
-1.24 -0.07 -9.43 504
-1.39 -0.35 -9.73 505
-1.33 -0.85 -10.84 506
-0.53 -0.67 -9.81 507
-0.19 -0.44 -10.14 508
-0.12 -0.58 -9.79 509
-0.10 -0.24 -9.48 510
-0.20  0.08 -10.47 511
-0.11 -0.06 -9.42 512
-0.11 -0.26 -9.60 513
-0.07 -0.05 -10.13 514
-0.24 -0.12 -10.19 515
-0.14 -0.23 -9.66 516
-0.11  0.08 -9.34 517
-0.08  0.01 -10.31 518
 0.10 -0.12 -9.96 519
-0.15 -0.11 -9.73 520
 0.09  0.02 -9.76 521
-0.17  0.14 -9.76 522
-0.07 -0.22 -9.64 523
-0.18  0.21 -9.73 524
-0.01  0.18 -9.49 525
-0.13  0.28 -9.52 526
 0.05  0.29 -10.56 527
-0.11  0.35 -10.40 528
-0.01  0.63 -9.86 529
-0.21  0.56 -9.51 530
-0.07  0.47 -9.55 531
-0.11  0.62 -8.97 532
-0.06  0.80 -7.43 533
 0.10  0.63 -9.46 534
 0.07 -0.31 -12.04 535
-0.07  0.52 -8.54 536
-0.01  0.39 -9.16 537
-0.07  0.43 -9.19 538
-0.04  0.17 -10.12 539
-0.04  0.32 -10.04 540
-0.19  0.17 -9.66 541
-0.27  0.27 -9.30 542
-0.03  0.15 -9.30 543
 0.08  0.48 -10.62 544
 0.26  1.01 -10.04 545
 0.14  0.95 -9.92 546
 0.01  0.94 -9.66 547
-0.22  0.56 -9.56 548
-0.34  0.11 -9.50 549
 0.00 -0.13 -8.78 550
 0.06  0.00 -9.69 551
 0.05 -0.24 -9.48 552
-0.02  0.38 -9.86 553
 0.20  0.62 -9.92 554
 0.10  0.82 -9.90 555
 0.06  0.80 -10.08 556
 0.11  1.00 -9.60 557
 0.46  0.21 -8.08 558
 0.04  1.22 -10.08 559
-0.00  0.92 -10.01 560
 0.03  1.08 -9.68 561
-0.20  0.41 -9.36 562
-0.16  0.66 -9.70 563
-0.12  0.37 -9.30 564
-0.08  0.58 -9.89 565
-0.17 -0.05 -9.79 566
-0.30 -0.68 -9.78 567
-0.15 -0.35 -9.48 568
-0.24  0.03 -9.77 569
-0.13 -0.01 -9.68 570
-0.45 -0.00 -9.97 571
-0.34  0.04 -9.73 572
-0.06  0.44 -9.69 573
-0.22  0.67 -9.80 574
-0.44  0.44 -9.76 575
-0.54  0.09 -10.09 576
-0.46 -0.21 -9.69 577
-0.76 -0.32 -10.27 578
-0.64 -0.58 -10.56 579
-0.40 -0.13 -10.82 580
-0.11 -0.37 -10.00 581
-0.38 -0.04 -9.56 582
 0.05  0.79 -9.72 583
 0.06  0.82 -9.62 584
 0.18  0.85 -9.61 585
 0.30  1.24 -10.38 586
 0.24  1.41 -10.25 587
 0.30  1.13 -9.56 588
-0.01  1.35 -9.98 589
 0.03  1.52 -9.32 590
 0.17  1.88 -10.34 591
 0.13  0.68 -9.10 592
-0.08  0.06 -9.44 593
-0.03  0.19 -9.85 594
-0.06  0.20 -9.83 595
-0.04  0.21 -9.73 596
 0.08  0.37 -9.73 597
 0.10  0.47 -9.90 598
-0.03  0.36 -9.94 599
-0.07  0.26 -9.84 600
-0.07  0.26 -9.84 601
-0.08  0.25 -9.87 602
-0.04  0.31 -9.82 603
-0.07  0.25 -9.84 604
-0.07  0.27 -9.95 605
-0.09  0.26 -9.79 606
-0.08  0.25 -9.87 607
-0.12  0.22 -9.71 608
-0.10  0.25 -9.88 609
-0.10  0.20 -9.79 610
-0.08  0.29 -9.81 611
-0.05  0.23 -9.88 612
-0.08  0.21 -9.78 613
-0.12  0.22 -9.71 614
-0.07  0.24 -9.85 615
-0.07  0.25 -9.87 616
-0.07  0.18 -9.79 617
-0.08  0.27 -9.81 618
-0.06  0.21 -9.81 619
-0.07  0.26 -9.79 620
-0.06  0.20 -9.85 621
-0.08  0.26 -9.80 622
-0.07  0.14 -9.74 623
-0.04  0.28 -9.96 624
-0.10  0.14 -9.73 625
 0.06  0.39 -10.12 626
-0.07  0.20 -9.76 627
-0.10  0.24 -9.96 628
-0.05  0.26 -9.92 629
-0.06  0.25 -9.96 630
-0.17 -0.12 -9.52 631
-0.10 -0.10 -9.56 632
-0.25 -0.49 -10.03 633
-0.21 -0.83 -10.31 634
-0.40 -1.23 -9.41 635
-0.41 -1.06 -9.11 636
-0.41 -0.22 -10.99 637
-0.28 -0.61 -9.94 638
-0.55 -0.55 -10.18 639
-0.26 -0.49 -9.95 640
-0.25 -0.63 -9.73 641
-0.09 -0.59 -9.85 642
-0.48 -0.56 -8.43 643
-0.13 -0.10 -9.93 644
 0.11 -0.47 -9.94 645
 0.13 -0.01 -10.51 646
 0.04 -0.31 -9.96 647
-0.09  0.03 -9.41 648
-0.20 -0.03 -9.04 649
-0.05  0.06 -10.22 650
-0.38  0.31 -9.46 651
 0.07  0.19 -10.45 652
-0.23  0.52 -10.33 653
-0.17  0.21 -10.03 654
-0.07  0.33 -9.98 655
 0.10 -0.27 -7.66 656
-0.03  0.39 -10.55 657
-0.27  0.58 -10.67 658
-0.31  0.66 -9.84 659
-0.35  0.30 -10.08 660
-0.35  0.26 -9.72 661
-0.37  0.41 -10.53 662
-0.39  0.23 -9.35 663
-0.40  0.56 -10.60 664
-0.28  0.42 -10.19 665
-0.15  0.88 -9.73 666
-0.03  0.94 -9.41 667
-0.16 -0.10 -8.26 668
 0.07  0.20 -10.58 669
-0.43  0.61 -9.29 670
-0.21  0.44 -9.89 671
-0.39  0.32 -8.79 672
-0.22  0.34 -9.75 673
 0.06  0.25 -10.24 674
 0.06  0.86 -9.75 675
-0.08  0.72 -9.20 676
 0.05  2.16 -8.15 677
 0.36  2.04 -8.80 678
 0.24  1.36 -9.53 679
-0.27  0.94 -10.63 680
-0.14  0.71 -8.14 681
-0.05  0.82 -10.18 682
-0.26 -0.73 -9.92 683
-0.29 -0.03 -9.85 684
-0.39  1.04 -10.77 685
-0.05  1.54 -9.77 686
 0.68  1.56 -10.00 687
 1.20  1.06 -9.25 688
 1.32  0.37 -10.17 689
 0.87 -0.44 -10.33 690
 0.56 -0.10 -9.77 691
 0.39 -0.55 -9.80 692
-0.70 -0.86 -8.93 693
-0.05 -0.34 -9.63 694
-0.36 -0.50 -9.82 695
-0.25 -0.47 -9.74 696
-0.19 -0.38 -9.47 697
-0.27 -0.74 -9.51 698
-0.29 -0.43 -8.98 699
-0.22 -0.12 -9.74 700
-0.09  0.32 -9.43 701
-0.19  1.13 -9.62 702
-0.03  0.49 -9.94 703
-0.49  0.56 -10.58 704
-0.35  0.78 -9.23 705
 0.05  0.84 -9.92 706
-0.21  0.93 -8.78 707
-0.05  1.33 -10.27 708
-0.62  1.50 -10.33 709
-1.84  1.38 -10.14 710
-1.40  1.10 -10.37 711
-1.98 -0.63 -10.40 712
-0.72 -0.26 -9.37 713
-0.80 -0.55 -9.55 714
-0.45  0.44 -9.37 715
-0.20  0.57 -9.19 716
 0.16  0.70 -9.72 717
 0.50  1.34 -9.35 718
-0.17  1.83 -9.52 719
-0.49  2.70 -9.66 720
-0.24  1.34 -9.80 721
-0.57  0.57 -9.61 722
-0.88  0.49 -9.89 723
-0.23  0.41 -10.26 724
 0.07 -0.08 -10.40 725
-0.17 -0.69 -9.78 726
-0.12  0.29 -8.69 727
-0.98  1.42 -10.08 728
-0.76  0.93 -9.71 729
-0.34  0.77 -8.99 730
-0.80  1.20 -10.00 731
-0.09  1.32 -10.11 732
 0.00  1.10 -9.30 733
 0.50  1.14 -10.11 734
 0.05  0.35 -9.74 735
 0.23  0.58 -10.12 736
 0.12  0.38 -10.05 737
 0.10  0.61 -9.60 738
 0.02  0.79 -10.21 739
 0.13  0.48 -10.14 740
 0.01  0.40 -8.95 741
 0.17  0.41 -9.89 742
 0.09  0.76 -10.56 743
 0.14  0.37 -10.24 744
 0.02  0.56 -10.69 745
 0.11 -0.04 -9.66 746
-0.06  0.50 -10.43 747
-0.36  0.43 -11.31 748
-0.31  0.76 -10.36 749
-0.00  0.44 -9.51 750
-0.17  0.36 -9.57 751
-0.05  0.58 -10.15 752
-0.00  0.63 -10.16 753
-0.22  0.93 -9.42 754
-0.22  0.65 -9.82 755
-0.15  0.47 -9.49 756
-0.06  0.49 -9.74 757
-0.02  0.54 -10.18 758
 0.03  0.11 -9.84 759
-0.05  0.21 -9.90 760
-0.43  0.23 -9.71 761
-0.09  0.67 -10.17 762
-0.12  0.45 -9.53 763
 0.06  0.48 -8.62 764
 0.02  0.57 -9.98 765
-0.20  0.38 -9.01 766
-0.17  0.48 -9.70 767
-0.12  0.37 -8.95 768
 0.08 -0.47 -8.60 769
-0.05  0.29 -9.53 770
 0.05  0.40 -9.81 771
 0.21  0.61 -9.75 772
 0.08  0.25 -8.55 773
 0.24  0.76 -10.02 774
 0.21  0.55 -9.69 775
 0.18  0.70 -9.60 776
 0.17  0.63 -9.53 777
 0.30  1.30 -11.83 778
 0.25  0.96 -10.52 779
 0.12  0.18 -8.16 780
 0.30  0.66 -9.75 781
Exit!!
