2020-09-10 07:26:21.809222: LOGGING STARTED
-1.31,7.42,6.29
-1.33,7.42,6.17
-1.33,7.42,6.17
-1.33,7.42,6.17
-1.34,7.42,6.16
-1.33,7.42,6.17
-1.34,7.42,6.16
-1.33,7.42,6.17
-1.33,7.42,6.16
-1.33,7.42,6.16
-1.33,7.43,6.17
-1.33,7.42,6.16
-1.33,7.43,6.16
-1.33,7.43,6.16
-1.33,7.43,6.16
-1.33,7.42,6.16
-1.32,7.43,6.16
-1.33,7.43,6.16
-1.33,7.43,6.16
-1.32,7.43,6.16
-1.33,7.43,6.16
-1.33,7.43,6.16
-1.32,7.43,6.16
-1.33,7.43,6.17
-1.32,7.43,6.16
-1.32,7.43,6.16
-1.32,7.43,6.17
-1.33,7.43,6.16
-1.32,7.43,6.17
-1.32,7.43,6.17
-1.32,7.43,6.17
-1.33,7.43,6.17
-1.33,7.43,6.16
-1.33,7.43,6.16
-1.33,7.42,6.16
-1.33,7.43,6.16
-1.26,7.58,5.98
-1.08,8.03,5.47
-1.23,7.68,5.88
-1.32,7.51,6.05
-1.22,7.68,5.91
-1.36,7.46,6.10
-1.36,7.41,6.19
-1.32,7.45,6.12
-1.38,7.28,6.35
-1.36,7.32,6.29
-1.30,7.42,6.17
-1.26,7.41,6.20
-1.19,7.55,6.06
-1.19,7.48,6.15
-1.09,7.72,5.83
-1.22,7.48,6.10
-1.36,7.20,6.44
-1.19,7.61,5.99
-1.10,7.62,6.00
-1.21,7.57,6.01
-1.07,7.66,5.93
-1.12,7.75,5.77
-1.07,7.75,5.84
-1.13,7.53,6.16
-1.27,7.18,6.43
-0.85,7.87,5.53
-0.99,7.69,6.06
-0.88,7.72,5.73
-1.08,7.69,6.00
-1.08,7.60,6.02
-1.19,7.43,6.19
-1.16,7.41,6.23
-1.08,7.39,6.23
-1.11,7.41,6.27
-0.90,7.51,6.18
-0.94,7.46,6.23
-0.90,7.37,6.19
-1.04,7.29,6.38
-1.09,7.28,6.39
-1.05,7.42,6.16
-0.96,7.68,5.93
-0.99,7.49,6.17
-1.06,7.26,6.35
-1.29,7.17,6.50
-1.43,6.93,6.75
-1.70,6.38,7.32
-1.59,6.45,7.27
-1.53,6.57,7.15
-1.39,6.80,6.97
-1.15,7.21,6.44
-1.34,6.75,6.96
-1.48,6.48,7.24
-1.24,7.05,6.63
-1.13,7.35,6.31
-1.13,7.35,6.30
-1.12,7.35,6.30
-1.12,7.35,6.30
-1.12,7.35,6.30
-1.13,7.35,6.30
-1.12,7.35,6.30
-1.12,7.35,6.30
-1.12,7.35,6.30
-1.13,7.35,6.30
-1.12,7.35,6.30
-1.13,7.35,6.29
-1.12,7.35,6.30
-1.13,7.35,6.30
-1.13,7.35,6.30
-1.12,7.35,6.30
-1.12,7.35,6.30
-1.13,7.35,6.30
-1.12,7.35,6.30
-1.12,7.35,6.30
-1.13,7.35,6.30
-1.12,7.35,6.30
-1.13,7.35,6.30
-1.12,7.35,6.30
-1.12,7.35,6.30
-1.12,7.35,6.30
-1.13,7.35,6.30
-1.12,7.35,6.30
-1.12,7.35,6.30
-1.12,7.35,6.30
-1.12,7.35,6.30
-1.13,7.35,6.30
-1.13,7.35,6.30
-1.12,7.35,6.30
-1.10,7.42,6.22
-0.76,8.17,5.37
-0.61,8.63,4.82
-0.72,8.33,5.16
-0.81,8.13,5.38
-0.98,7.94,5.67
-0.91,7.94,5.57
-0.86,7.92,5.54
-1.14,7.53,6.17
-1.02,7.66,5.99
-1.12,7.82,5.64
-1.43,7.82,5.72
-1.55,7.29,6.17
-1.60,7.35,6.27
-1.24,7.47,6.20
-1.16,7.36,6.27
-1.08,7.35,6.26
-1.17,7.41,6.28
-1.16,7.28,6.33
-1.17,7.19,6.45
-1.09,7.41,6.26
-1.11,7.37,6.28
-1.07,7.41,6.28
-1.05,7.36,6.21
-1.20,7.42,6.29
-1.29,7.35,6.32
-1.33,7.40,6.34
-1.32,7.22,6.35
-1.39,7.16,6.42
-1.32,7.24,6.48
-1.07,7.40,6.16
-1.01,7.42,6.14
-0.78,7.47,6.25
-0.72,7.47,6.26
-0.56,7.72,5.93
-0.61,7.49,6.33
-0.65,7.17,6.44
-0.91,7.17,6.62
-0.88,7.16,6.51
-0.83,7.41,6.31
-0.71,7.24,6.53
-0.71,7.36,6.46
-0.73,7.27,6.42
-0.69,7.11,6.45
-0.90,7.08,6.74
-1.33,6.67,7.15
-1.39,6.86,6.80
-1.40,6.80,6.91
-1.17,7.40,6.29
-0.98,7.77,5.76
-0.79,7.99,5.64
-0.74,7.90,5.71
-0.95,7.77,5.70
-1.11,7.72,5.82
-1.06,7.56,6.18
-1.03,7.44,6.06
-1.17,7.33,6.23
-1.29,7.23,6.46
-1.19,7.36,6.29
-1.31,7.40,6.18
-0.72,7.64,6.06
-0.73,7.58,6.02
-0.92,7.73,6.06
-0.99,7.63,5.85
-0.93,7.70,5.99
-0.97,7.56,6.00
-1.08,7.36,6.28
-1.18,7.34,6.38
-1.27,7.22,6.42
-1.66,6.49,7.16
-1.65,6.59,7.09
-1.55,7.22,6.40
-1.49,7.41,6.14
-1.54,7.25,6.27
-1.55,7.39,6.29
-1.49,7.54,6.02
-1.22,7.74,5.83
-1.29,7.53,6.01
-0.93,7.57,6.15
-0.85,7.43,6.17
-0.99,7.50,6.16
-1.14,7.32,6.29
-1.19,7.02,6.67
-1.30,6.74,6.95
-1.29,6.93,6.81
-1.19,7.36,6.34
-0.87,7.68,5.81
-0.62,7.31,6.65
-0.77,7.28,6.30
-1.10,7.56,5.96
-1.63,7.75,5.73
-1.84,7.81,5.71
-1.34,7.68,5.81
-1.11,7.65,6.01
-1.11,7.55,6.10
-1.22,7.17,6.30
-1.14,7.45,6.33
-1.20,7.31,6.30
-1.07,7.40,6.27
-1.03,7.44,6.35
-1.25,7.26,6.29
-1.20,7.27,6.34
-1.30,7.24,6.44
-1.20,7.07,6.42
-1.13,7.25,6.62
-1.07,7.10,6.54
-1.13,7.12,6.48
-1.29,6.75,7.02
-1.40,6.34,7.36
-1.28,6.46,7.34
-0.81,7.03,6.68
-0.46,6.77,7.11
0.43,6.94,7.03
1.03,7.40,6.57
1.27,7.67,5.97
0.21,7.82,5.87
-0.40,7.88,5.82
-0.62,7.86,5.76
-0.85,7.59,6.09
-0.87,7.56,6.09
-0.87,7.48,6.15
-0.72,7.67,5.97
-0.84,7.49,6.21
-0.89,7.36,6.23
-1.02,7.26,6.47
-0.94,7.29,6.40
-1.06,7.16,6.52
-1.08,7.15,6.53
-1.08,7.13,6.55
-0.91,7.27,6.52
-0.83,7.23,6.35
-1.03,7.24,6.39
-0.99,7.31,6.44
-1.03,7.33,6.43
-0.99,7.27,6.33
-0.97,7.28,6.46
-0.97,7.30,6.42
-1.17,6.62,7.05
-1.02,7.06,6.73
-1.05,6.96,6.74
-0.84,7.17,6.58
-0.83,6.65,7.11
-1.27,6.12,7.71
-0.93,7.06,6.67
-0.78,7.05,6.72
-0.79,7.28,6.44
-0.31,7.52,6.25
0.02,7.74,6.05
0.20,7.57,6.21
0.32,7.75,6.05
-0.03,7.87,5.68
-0.46,7.75,5.84
-0.77,7.59,6.01
-0.83,7.44,6.27
-1.11,7.19,6.50
-1.19,6.84,6.85
-0.98,7.18,6.60
-1.08,7.01,6.73
-1.16,7.07,6.62
-1.51,7.13,6.52
-1.55,7.43,6.14
-1.21,7.35,6.30
-1.36,7.98,5.49
-1.94,8.03,5.36
-1.91,8.29,5.08
-1.42,8.08,5.34
-0.79,7.91,5.66
-0.73,7.82,5.86
-0.89,7.36,6.26
-0.97,7.24,6.43
-1.03,7.36,6.43
-1.18,7.24,6.29
-1.25,6.98,6.74
-1.25,6.58,7.22
-1.46,6.21,7.55
-1.20,6.72,7.03
-1.28,6.33,7.46
-1.14,6.70,7.07
-0.96,7.12,6.59
-0.84,7.39,6.29
-0.84,7.39,6.29
-0.75,7.59,6.07
-0.92,7.21,6.50
-0.74,7.57,6.09
-0.66,7.85,5.78
-0.72,7.60,6.06
-0.96,7.56,6.06
-0.98,7.52,6.14
-0.93,7.41,6.25
-0.89,7.43,6.24
-1.11,6.86,6.87
-0.87,7.38,6.29
-0.80,7.39,6.32
-0.95,6.96,6.57
-1.23,6.94,6.92
-1.02,7.31,6.33
-0.74,7.37,6.35
-0.64,7.61,6.08
-0.83,7.39,6.29
-0.98,7.08,6.59
-0.89,7.53,6.16
-0.86,7.41,6.24
-0.91,7.24,6.52
-0.51,7.54,6.14
-0.42,7.44,6.35
-0.62,7.14,6.59
-0.66,7.39,6.31
-1.08,7.60,6.00
-2.19,7.90,5.76
-1.76,7.85,5.38
-1.27,7.83,5.56
-0.33,8.12,5.59
-0.20,7.95,5.47
-0.80,7.89,5.72
-1.29,7.34,6.17
-0.99,7.26,6.44
-0.76,7.36,6.37
-0.72,7.56,5.92
-0.93,7.76,5.94
-1.10,7.49,6.11
-0.81,7.21,6.38
-0.70,7.21,6.58
-0.81,7.29,6.47
-1.02,7.04,6.73
-1.15,6.77,6.87
-1.35,6.33,7.49
-1.24,6.81,6.95
-1.38,7.20,6.48
-1.36,7.29,6.35
-1.13,7.29,6.53
-0.91,7.40,6.19
-1.53,7.35,6.15
-1.86,7.31,6.26
-1.85,7.32,6.20
-1.56,6.76,6.98
-1.40,6.26,7.53
-1.17,7.05,6.65
-1.07,7.39,6.25
-1.05,7.39,6.27
-1.05,7.39,6.27
-1.06,7.39,6.27
-1.05,7.39,6.27
-1.06,7.39,6.27
-1.05,7.39,6.27
-1.05,7.39,6.27
-1.05,7.39,6.27
-1.05,7.39,6.27
-1.05,7.39,6.27
-1.05,7.39,6.27
-1.05,7.39,6.27
-1.06,7.39,6.27
-1.06,7.39,6.27
-1.06,7.39,6.27
-1.06,7.39,6.27
-1.06,7.39,6.27
-1.05,7.39,6.27
-1.05,7.39,6.27
-1.06,7.39,6.27
-1.05,7.39,6.27
-1.06,7.39,6.27
-1.06,7.39,6.27
-1.06,7.39,6.26
-1.05,7.39,6.27
-1.06,7.39,6.27
-1.05,7.39,6.27
-0.93,7.70,5.92
-0.77,8.15,5.39
-0.74,8.21,5.26
-0.89,7.89,5.74
-1.18,7.25,6.40
-0.98,7.52,6.13
-0.95,7.42,6.23
-1.13,7.27,6.38
-1.21,7.24,6.44
-1.00,7.55,6.09
-0.98,7.40,6.28
-0.87,7.46,6.20
-0.98,7.28,6.41
-1.00,7.17,6.53
-0.83,7.50,6.14
-0.96,7.27,6.46
-0.88,7.47,6.19
-0.65,7.45,6.25
0.13,7.27,6.61
0.80,7.31,6.58
1.40,7.80,6.09
0.71,8.17,5.55
0.11,8.07,5.58
-0.53,8.02,5.55
-0.56,8.05,5.60
-0.75,7.72,5.94
-0.90,7.48,6.15
-0.90,7.35,6.27
-0.96,7.30,6.48
-0.93,7.26,6.35
-0.90,7.43,6.23
-0.87,7.52,6.07
-1.04,7.47,6.29
-1.03,7.25,6.33
-0.99,6.88,6.90
-1.01,7.21,6.45
-1.22,6.89,6.71
-1.13,7.24,6.42
-0.62,7.43,6.41
-0.87,7.16,6.51
-1.07,6.80,7.02
-1.43,6.21,7.60
-1.30,6.10,7.70
-1.17,6.44,7.33
-0.86,7.14,6.58
-0.87,7.37,6.31
-1.10,7.03,6.71
-1.30,6.97,6.76
-1.26,7.39,6.29
-1.52,7.88,5.58
-1.70,8.33,5.09
-1.23,8.53,4.77
-0.93,7.99,5.14
-0.75,7.42,5.69
-1.09,7.02,6.70
-0.80,7.65,6.69
-0.76,7.68,6.44
-0.78,7.33,6.81
-0.85,7.30,7.30
-1.24,6.57,6.72
-1.67,6.81,6.83
-1.76,7.07,6.39
-1.07,7.40,6.27
-0.44,7.62,6.07
-0.33,7.66,5.94
-0.53,7.37,6.27
-0.71,6.83,6.88
-0.96,6.75,7.06
-0.83,7.24,6.49
-0.95,7.00,6.74
-1.19,6.72,7.04
-0.78,7.55,6.11
-0.79,7.52,6.15
-0.80,7.52,6.15
-0.79,7.52,6.15
-0.79,7.52,6.15
-0.81,7.52,6.15
-0.79,7.51,6.15
-0.80,7.52,6.15
-0.80,7.52,6.15
-0.79,7.52,6.15
-0.80,7.51,6.16
-0.63,7.83,5.79
-0.36,8.39,5.16
-0.41,8.46,5.07
-0.51,8.23,5.38
-0.54,8.09,5.44
-0.60,7.90,5.72
-0.78,7.69,5.95
-0.85,7.60,5.99
-0.89,7.60,5.94
-0.99,7.29,6.28
-0.92,7.42,6.25
-0.89,7.41,6.28
-0.70,7.54,6.09
-0.61,7.57,5.95
-0.87,7.35,6.28
-1.16,6.55,7.18
-0.99,6.98,6.59
-0.78,7.13,6.59
-0.69,7.09,6.68
-0.59,7.18,6.61
-0.53,6.94,6.86
-0.66,6.78,7.04
-0.67,7.03,6.81
-0.74,7.19,6.56
-1.15,6.72,7.05
-0.95,7.30,6.42
-1.16,7.00,6.73
-1.34,7.00,6.65
-1.31,7.02,6.71
-1.24,7.31,6.34
-1.12,7.56,6.06
-1.01,7.67,5.92
-0.90,7.76,5.83
-1.12,7.39,6.25
-1.37,7.07,6.56
-1.28,7.24,6.44
-1.28,7.29,6.35
-1.22,7.54,6.04
-1.35,7.19,6.46
-1.33,7.22,6.43
-1.21,7.52,6.08
-1.25,7.49,6.13
-1.43,7.07,6.60
-1.65,6.61,7.06
-1.51,6.92,6.73
-1.30,7.41,6.21
-1.30,7.42,6.19
-1.30,7.42,6.19
-1.30,7.42,6.19
-1.30,7.42,6.19
-1.30,7.42,6.19
-1.30,7.42,6.18
-1.30,7.42,6.18
-1.30,7.41,6.19
-1.30,7.42,6.18
-1.30,7.42,6.18
-1.30,7.42,6.19
-1.30,7.42,6.18
-1.30,7.42,6.19
-1.30,7.41,6.19
-1.30,7.42,6.18
-1.29,7.42,6.19
-1.30,7.41,6.19
-1.30,7.42,6.18
-1.16,7.75,5.81
-1.02,8.06,5.45
-1.19,7.66,5.90
-1.13,7.84,5.68
-1.10,7.90,5.66
-1.38,7.49,6.07
-1.46,7.31,6.27
-1.49,7.40,6.17
-1.59,7.21,6.41
-1.53,7.33,6.24
-1.44,7.53,6.00
-1.31,7.73,5.82
-1.30,7.85,5.64
-1.37,7.49,6.07
-1.33,7.52,6.06
-1.27,7.57,5.98
-1.08,7.63,5.94
-0.50,7.74,6.06
0.70,7.42,6.58
1.59,6.94,6.87
0.84,7.46,6.24
-0.64,7.69,5.98
-1.02,7.51,6.14
-1.22,7.28,6.37
-1.31,6.72,6.97
-1.35,7.16,6.36
-1.63,7.36,6.29
-2.01,7.52,5.75
-2.29,7.67,5.66
-2.20,7.70,5.85
-1.61,7.80,5.90
-1.12,7.48,6.15
-1.38,7.50,6.08
-1.38,7.62,5.92
-1.17,7.63,5.95
-1.22,7.42,6.10
-1.41,7.45,6.05
-1.40,7.46,6.18
-1.46,7.44,6.12
-1.51,7.54,6.09
-1.60,7.53,6.01
-1.85,7.53,5.91
-1.57,7.55,6.01
-1.37,7.52,6.04
-1.53,7.53,5.99
-1.23,7.51,6.13
-1.03,7.49,6.07
-0.65,7.42,6.28
-0.83,7.41,6.25
-1.17,7.31,6.38
-1.26,7.04,6.66
-1.15,7.31,6.35
-1.32,7.31,6.39
-1.83,7.33,6.21
-1.96,7.45,5.93
-1.85,7.56,6.02
-1.09,7.54,6.16
-1.04,7.77,5.87
-1.17,7.51,5.99
-1.09,7.09,6.64
-0.83,7.37,6.37
-0.54,7.38,6.28
-0.78,7.66,6.03
-0.58,7.46,6.34
-0.89,7.33,6.35
-1.27,6.79,6.97
-1.28,6.63,7.09
-1.12,7.02,6.65
-1.06,6.56,7.23
-0.82,6.92,6.85
-0.84,6.51,7.33
-0.78,6.72,7.10
-1.13,6.17,7.65
-0.75,7.06,6.67
-0.60,7.37,6.35
-0.61,7.37,6.34
-0.61,7.37,6.34
-0.60,7.37,6.34
-0.61,7.37,6.34
-0.61,7.37,6.34
-0.61,7.37,6.34
-0.61,7.37,6.34
-0.61,7.37,6.34
-0.61,7.37,6.34
-0.61,7.37,6.34
-0.61,7.37,6.34
-0.60,7.37,6.34
-0.61,7.37,6.34
-0.61,7.37,6.34
-0.61,7.37,6.34
-0.61,7.37,6.34
-0.61,7.37,6.34
-0.61,7.37,6.34
-0.61,7.37,6.34
-0.61,7.37,6.34
-0.61,7.37,6.34
-0.61,7.37,6.34
-0.56,7.49,6.21
-0.44,7.77,5.88
-0.30,8.11,5.51
-0.46,7.88,5.78
-0.58,7.90,5.71
-0.75,8.02,5.55
-0.67,7.92,5.63
-0.47,7.95,5.61
-0.51,7.69,5.86
-0.58,7.70,5.97
-0.54,7.54,6.20
-0.62,7.48,6.18
-0.86,7.40,6.28
-1.15,7.40,6.39
-1.26,7.10,6.55
-1.22,7.30,6.35
-1.17,7.36,6.27
-1.10,7.45,6.14
-1.31,7.23,6.40
-1.27,7.09,6.62
-1.25,6.94,6.75
-1.03,7.18,6.48
-0.93,7.21,6.55
-0.81,7.23,6.47
-0.69,7.78,5.68
-1.01,7.93,5.89
-0.70,7.49,6.14
-0.75,7.29,6.44
-0.74,7.24,6.44
-1.04,6.95,6.77
-1.06,6.84,6.89
-0.95,7.00,6.74
-1.03,7.12,6.60
-0.95,7.40,6.29
-0.87,7.43,6.24
-0.66,7.80,5.81
-0.65,7.55,6.04
-0.69,7.43,6.26
-0.68,7.35,6.40
-0.88,6.90,6.90
-1.40,5.97,7.93
-0.85,7.20,6.52
-0.57,7.60,6.08
-0.60,7.57,6.12
-0.89,6.95,6.80
-0.99,6.76,7.02
-0.98,6.79,6.97
-0.89,7.08,6.66
-0.88,7.08,6.66
-0.75,7.38,6.30
-0.74,7.39,6.31
-0.75,7.39,6.31
-0.75,7.39,6.31
-0.75,7.39,6.31
-0.49,7.94,5.68
-0.59,7.77,5.87
-0.87,7.12,6.61
-0.60,7.60,6.06
-0.93,6.86,6.92
-0.89,6.87,6.90
-0.67,7.35,6.37
-0.69,7.32,6.39
-0.68,7.32,6.39
-0.68,7.32,6.39
-0.69,7.32,6.39
-0.68,7.32,6.39
-0.69,7.32,6.39
-0.69,7.32,6.39
-0.69,7.33,6.39
-0.69,7.32,6.39
-0.69,7.32,6.39
-0.69,7.32,6.39
-0.69,7.32,6.39
-0.69,7.32,6.39
-0.69,7.32,6.39
-0.69,7.32,6.39
-0.69,7.32,6.39
-0.69,7.32,6.39
-0.69,7.33,6.39
-0.69,7.32,6.39
-0.69,7.32,6.39
-0.69,7.32,6.39
-0.69,7.33,6.39
-0.69,7.32,6.39
-0.69,7.33,6.39
-0.69,7.32,6.39
-0.69,7.33,6.39
-0.69,7.32,6.39
-0.69,7.33,6.39
-0.68,7.32,6.39
-0.69,7.32,6.40
-0.69,7.32,6.39
-0.69,7.33,6.40
-0.69,7.32,6.39
-0.69,7.33,6.39
-0.69,7.32,6.39
-0.69,7.32,6.39
-0.70,7.32,6.39
-0.69,7.32,6.39
-0.69,7.32,6.40
-0.69,7.32,6.39
-0.69,7.33,6.39
-0.69,7.33,6.39
-0.69,7.32,6.39
-0.69,7.33,6.40
-0.69,7.32,6.39
-0.69,7.33,6.39
-0.69,7.32,6.39
-0.69,7.32,6.39
-0.69,7.33,6.39
-0.69,7.32,6.39
-0.69,7.32,6.39
-0.69,7.32,6.39
-0.69,7.32,6.39
-0.69,7.32,6.39
-0.64,7.44,6.27
-0.67,7.39,6.32
-0.76,7.15,6.60
-0.68,7.31,6.40
-0.68,7.32,6.39
-0.68,7.33,6.39
-0.53,7.65,6.02
-0.45,7.78,5.88
-0.48,7.67,6.01
-0.78,7.03,6.74
-0.67,7.16,6.57
-0.79,6.96,6.82
-0.76,6.99,6.75
-0.57,7.43,6.26
-0.40,7.83,5.82
-0.60,7.39,6.33
-0.37,7.74,5.92
-0.38,7.74,5.96
-0.12,8.12,5.48
-0.37,7.73,5.89
-0.62,7.44,6.29
-0.93,7.15,6.61
-0.87,7.44,6.21
-0.78,7.58,6.17
-0.58,7.82,5.81
-0.65,7.55,6.06
-0.72,7.29,6.38
-0.89,7.28,6.39
-0.90,7.30,6.27
-0.96,7.03,6.90
-0.98,7.03,6.68
-1.24,6.62,7.10
-1.09,7.13,6.58
-1.03,7.23,6.49
-1.10,7.13,6.60
-1.19,7.06,6.62
-1.18,7.07,6.64
-1.19,7.04,6.67
-1.04,7.38,6.28
-1.04,7.40,6.26
-1.03,7.40,6.26
-1.04,7.40,6.26
-1.04,7.40,6.26
-1.04,7.40,6.26
-1.04,7.40,6.26
-1.04,7.40,6.26
-1.04,7.40,6.26
-1.04,7.40,6.26
-1.04,7.40,6.26
-1.04,7.40,6.26
-1.03,7.40,6.26
-1.03,7.40,6.26
-1.04,7.40,6.26
-1.04,7.40,6.26
-1.04,7.40,6.26
-1.04,7.40,6.26
-1.04,7.40,6.26
-1.04,7.40,6.26
-1.04,7.40,6.26
-1.04,7.40,6.26
-1.03,7.40,6.26
-1.04,7.40,6.26
-1.04,7.40,6.26
-1.03,7.40,6.26
-1.04,7.40,6.26
-1.04,7.40,6.26
-1.03,7.40,6.26
-1.03,7.40,6.26
-1.04,7.40,6.26
-1.03,7.40,6.26
-1.04,7.40,6.26
-1.04,7.40,6.26
-1.04,7.40,6.26
-1.04,7.40,6.26
-1.04,7.40,6.26
-1.04,7.40,6.26
-1.04,7.40,6.26
-1.04,7.40,6.26
-1.04,7.40,6.26
-1.03,7.40,6.26
-1.04,7.40,6.26
-1.04,7.40,6.26
-1.04,7.40,6.26
-1.04,7.40,6.26
-1.04,7.40,6.26
-1.04,7.40,6.26
-1.05,7.40,6.26
-1.04,7.40,6.26
-1.04,7.40,6.26
-1.04,7.40,6.26
-1.04,7.40,6.26
-1.04,7.40,6.26
-1.04,7.40,6.26
-1.04,7.40,6.26
-1.04,7.40,6.26
-1.04,7.40,6.26
-1.04,7.40,6.26
-1.04,7.40,6.26
-1.05,7.40,6.26
-1.04,7.40,6.26
-1.04,7.40,6.26
-1.04,7.40,6.26
-1.04,7.40,6.26
-0.88,7.71,5.92
-1.07,7.33,6.33
-1.15,7.14,6.55
-1.03,7.42,6.24
-1.03,7.39,6.27
-1.04,7.40,6.26
-1.03,7.40,6.26
-1.04,7.40,6.26
-1.03,7.40,6.26
-1.04,7.40,6.27
-1.03,7.40,6.27
-1.04,7.40,6.26
-1.04,7.40,6.26
-1.04,7.40,6.27
-1.04,7.40,6.26
-1.04,7.40,6.27
-1.04,7.40,6.26
-1.03,7.40,6.27
-1.04,7.40,6.27
-1.04,7.40,6.26
-1.03,7.39,6.27
-1.03,7.40,6.26
-1.04,7.40,6.26
-1.03,7.39,6.26
-1.04,7.40,6.26
-0.91,7.65,5.97
-0.77,7.86,5.74
-0.84,7.62,6.01
-0.85,7.66,5.96
-0.61,7.94,5.69
-0.72,7.71,5.91
-1.10,7.10,6.63
-1.06,7.01,6.74
-1.09,7.06,6.63
-0.84,7.61,6.04
-0.77,7.77,5.87
-0.75,7.76,5.86
-0.95,7.51,6.12
-1.05,7.40,6.27
-0.97,7.43,6.23
-0.51,7.96,5.64
-0.19,7.84,5.81
-0.43,7.72,6.03
-0.79,7.63,5.95
-1.03,7.63,6.00
-1.06,7.51,6.12
-1.30,7.34,6.31
-1.54,7.35,6.24
-1.69,7.34,6.26
-1.46,7.46,6.15
-1.42,7.23,6.27
-1.55,6.89,6.80
-1.57,6.43,7.33
-1.38,6.71,7.02
-1.56,6.17,7.63
-1.30,6.73,7.03
-1.09,7.25,6.44
-1.02,7.41,6.26
-1.03,7.41,6.26
-1.03,7.41,6.26
-1.04,7.41,6.26
-1.03,7.41,6.26
-1.03,7.41,6.25
-1.03,7.41,6.25
-1.04,7.41,6.25
-1.04,7.41,6.25
-1.04,7.41,6.25
-1.04,7.41,6.25
-1.04,7.41,6.25
-1.04,7.40,6.25
-1.04,7.41,6.26
-1.04,7.41,6.25
-1.04,7.41,6.25
-1.04,7.41,6.25
-1.04,7.41,6.25
-1.05,7.41,6.24
-1.04,7.41,6.25
-1.04,7.41,6.24
-1.04,7.41,6.25
-1.04,7.41,6.25
-1.04,7.41,6.25
-1.05,7.40,6.25
-1.04,7.41,6.26
-1.04,7.40,6.26
-1.05,7.40,6.26
-1.05,7.40,6.26
-1.05,7.40,6.25
-1.05,7.40,6.26
-1.05,7.40,6.26
-1.06,7.40,6.26
-1.05,7.40,6.26
-1.05,7.40,6.25
-1.05,7.40,6.25
-1.06,7.40,6.25
-1.05,7.40,6.25
-1.05,7.40,6.25
-1.05,7.40,6.25
-1.05,7.40,6.24
-1.05,7.40,6.25
-1.06,7.40,6.24
-1.06,7.40,6.25
-1.05,7.40,6.25
-1.06,7.40,6.24
-1.05,7.40,6.25
-1.05,7.40,6.25
-1.06,7.40,6.25
-1.06,7.40,6.25
-1.05,7.40,6.25
-1.06,7.40,6.25
-1.05,7.40,6.25
-1.05,7.40,6.25
-1.06,7.40,6.25
-1.06,7.40,6.25
-1.06,7.40,6.25
-1.06,7.40,6.25
-1.06,7.40,6.24
-1.06,7.40,6.24
-1.06,7.40,6.24
-1.06,7.40,6.25
-1.06,7.40,6.25
-1.06,7.40,6.25
-1.06,7.40,6.25
-1.06,7.40,6.25
-1.06,7.40,6.24
-1.05,7.40,6.24
-1.06,7.40,6.24
-1.06,7.40,6.24
-1.06,7.40,6.24
-1.06,7.40,6.25
-1.05,7.40,6.25
-1.06,7.40,6.25
-1.05,7.40,6.25
-1.05,7.40,6.25
-1.06,7.40,6.25
-1.06,7.40,6.25
-1.06,7.40,6.25
-1.06,7.40,6.25
-1.06,7.40,6.24
-1.05,7.40,6.25
-1.06,7.40,6.24
-1.06,7.40,6.25
-1.06,7.40,6.25
-1.06,7.40,6.25
-1.06,7.40,6.25
-1.06,7.40,6.25
-1.06,7.40,6.25
-1.06,7.40,6.25
-1.06,7.40,6.26
-1.06,7.40,6.25
-1.06,7.40,6.25
-1.07,7.40,6.25
-1.06,7.40,6.25
-1.07,7.40,6.24
-1.06,7.40,6.25
-1.06,7.40,6.25
-1.07,7.40,6.24
-1.07,7.40,6.24
-1.07,7.40,6.24
-1.07,7.40,6.24
-1.07,7.39,6.25
-1.04,7.47,6.16
-1.04,7.47,6.17
-1.04,7.42,6.22
-0.99,7.54,6.09
-0.85,7.93,5.63
-0.60,8.19,5.37
-0.73,7.87,5.69
-0.95,7.45,6.18
-0.96,7.40,6.27
-0.84,7.53,6.20
-0.67,7.64,5.94
-0.15,8.24,5.27
0.14,8.17,5.39
0.21,8.31,5.42
-0.53,8.30,5.20
-0.83,8.38,5.33
-0.80,8.03,5.65
-1.12,7.23,6.08
-1.21,7.27,6.34
-1.11,7.73,5.86
-1.18,7.66,5.83
-1.01,7.82,5.88
-1.14,7.35,6.27
-1.15,7.30,6.38
-1.25,7.15,6.34
-1.16,7.20,6.51
-1.11,7.20,6.52
-1.10,7.26,6.47
-1.10,7.38,6.35
-1.18,7.24,6.09
-1.10,7.34,6.39
-1.15,7.23,6.41
-1.07,7.33,6.37
-1.07,7.20,6.38
-1.33,6.91,6.85
-1.44,6.51,7.18
-1.40,6.65,7.13
-1.13,6.97,6.66
-1.39,6.27,7.54
-1.53,6.06,7.75
-1.35,6.61,7.12
-1.29,6.72,7.01
-1.22,6.89,6.81
-1.37,6.52,7.23
-1.18,7.00,6.70
-1.03,7.38,6.26
-1.04,7.39,6.26
-1.03,7.39,6.26
-1.03,7.39,6.26
-1.03,7.39,6.26
-1.04,7.39,6.26
-1.03,7.39,6.26
-1.03,7.39,6.26
-1.03,7.39,6.26
-1.03,7.39,6.26
-1.03,7.39,6.26
-1.03,7.39,6.26
-1.04,7.39,6.25
-1.04,7.39,6.25
-1.03,7.39,6.26
-1.03,7.39,6.26
-1.03,7.39,6.26
-0.90,7.68,5.93
-0.84,7.81,5.76
-1.20,7.00,6.71
-1.13,7.16,6.53
-1.04,7.40,6.23
-1.03,7.41,6.24
-1.03,7.41,6.23
-1.04,7.40,6.24
-1.04,7.40,6.23
-1.04,7.41,6.24
-1.03,7.41,6.23
-1.04,7.41,6.24
-1.04,7.40,6.23
-1.04,7.41,6.24
-1.04,7.40,6.24
-1.03,7.41,6.24
-1.04,7.40,6.23
-1.04,7.40,6.24
-1.04,7.40,6.24
-1.03,7.40,6.23
-1.04,7.41,6.23
-1.03,7.40,6.24
-1.04,7.41,6.23
-1.04,7.41,6.24
-1.03,7.40,6.24
-1.04,7.41,6.23
-1.04,7.41,6.24
-1.04,7.41,6.24
-1.04,7.40,6.24
-1.04,7.41,6.24
-1.04,7.40,6.24
-1.04,7.40,6.24
-1.04,7.40,6.24
-1.04,7.40,6.24
-1.04,7.40,6.24
-1.04,7.41,6.24
-1.04,7.40,6.24
-1.04,7.40,6.23
-1.04,7.40,6.23
-1.04,7.40,6.23
-1.04,7.40,6.23
-1.04,7.41,6.23
-1.04,7.40,6.23
-1.04,7.40,6.23
-1.05,7.41,6.23
-1.04,7.40,6.23
-1.04,7.40,6.23
-1.04,7.40,6.23
-1.04,7.41,6.23
-1.04,7.41,6.23
-1.04,7.41,6.22
-1.04,7.41,6.23
-1.04,7.41,6.23
-1.04,7.41,6.23
-1.04,7.41,6.23
-0.93,7.64,5.95
-0.80,7.94,5.62
-0.59,8.41,5.08
-0.86,8.02,5.50
-0.77,8.23,5.26
-0.81,8.30,5.15
-1.15,8.15,5.23
-1.31,8.20,5.18
-0.57,8.23,5.35
-0.43,7.95,5.50
-0.45,7.55,6.15
-0.74,7.26,6.46
-0.70,7.10,6.61
-0.86,7.17,6.59
-1.12,7.42,6.19
-1.16,7.78,5.82
-1.22,7.77,5.81
-1.32,7.26,6.27
-1.31,7.23,6.45
-1.17,7.53,6.12
-1.27,7.43,6.16
-1.16,7.28,6.53
-1.13,7.06,6.57
-1.27,6.83,6.89
-1.38,6.70,7.05
-1.79,5.82,7.95
-1.54,6.43,7.30
-1.40,6.85,6.84
-1.45,6.70,7.00
-1.39,6.93,6.75
-1.44,6.82,6.87
-1.17,7.46,6.15
-1.16,7.51,6.09
-1.16,7.51,6.09
-1.16,7.51,6.10
-1.15,7.51,6.10
-1.16,7.51,6.09
-1.15,7.51,6.10
-1.15,7.51,6.09
-1.15,7.51,6.10
-1.16,7.51,6.09
-1.15,7.51,6.09
-1.15,7.51,6.09
-1.07,7.70,5.88
-0.68,8.55,4.86
-0.62,8.71,4.70
-0.74,8.53,4.88
-0.81,8.40,5.06
-0.88,8.26,5.20
-1.01,8.02,5.45
-1.22,7.47,6.11
-1.01,7.94,5.57
-1.03,7.70,5.79
-1.02,7.52,6.21
-1.12,7.17,6.22
-1.26,7.19,6.49
-1.51,6.54,7.14
-1.55,6.34,7.39
-1.64,6.10,7.64
-1.33,7.03,6.63
-1.30,7.02,6.66
-1.35,6.91,6.79
-1.28,7.05,6.62
-1.16,7.29,6.38
-1.33,6.87,6.80
-1.33,6.90,6.81
-1.25,7.08,6.59
-1.23,7.15,6.52
-1.14,7.36,6.28
-1.12,7.40,6.24
-1.24,7.08,6.61
-1.13,7.36,6.26
-1.13,7.37,6.27
-1.13,7.37,6.27
-1.13,7.37,6.27
-1.13,7.37,6.27
-1.13,7.37,6.27
-1.13,7.37,6.27
-1.13,7.37,6.27
-1.13,7.37,6.27
-1.13,7.37,6.27
-1.13,7.37,6.27
-1.13,7.37,6.27
-1.13,7.37,6.28
-1.13,7.37,6.27
-1.12,7.40,6.24
-0.94,7.81,5.78
-0.89,7.89,5.66
-1.20,7.20,6.47
-1.16,7.28,6.38
-1.14,7.27,6.38
-1.31,6.91,6.81
-1.13,7.35,6.30
-1.05,7.54,6.08
-1.25,7.02,6.66
-1.11,7.41,6.22
-1.12,7.37,6.27
-1.12,7.37,6.27
-1.12,7.37,6.27
-1.11,7.37,6.27
-1.12,7.37,6.26
-1.12,7.37,6.27
-1.12,7.37,6.26
-1.12,7.37,6.27
-1.12,7.37,6.27
-1.11,7.37,6.27
-1.12,7.37,6.27
-1.12,7.37,6.26
-1.12,7.37,6.27
-1.12,7.37,6.26
-1.12,7.37,6.27
-1.12,7.37,6.27
-1.12,7.37,6.26
-1.13,7.37,6.27
-1.12,7.37,6.27
-1.12,7.37,6.27
-1.11,7.37,6.26
-1.11,7.37,6.27
-1.11,7.37,6.27
-1.12,7.37,6.27
-1.12,7.37,6.27
-1.12,7.37,6.27
-1.11,7.37,6.26
-1.11,7.37,6.27
-1.11,7.37,6.27
-1.11,7.37,6.27
-1.11,7.37,6.27
-1.11,7.37,6.27
-1.10,7.37,6.27
-1.10,7.37,6.27
-1.12,7.37,6.27
-1.11,7.37,6.27
-1.12,7.38,6.27
-1.11,7.37,6.27
-1.12,7.37,6.27
-1.12,7.37,6.27
-1.12,7.37,6.27
-1.12,7.37,6.27
-1.11,7.37,6.27
-1.11,7.37,6.27
-1.11,7.37,6.27
-1.11,7.37,6.27
-1.11,7.37,6.27
-1.11,7.37,6.26
-1.11,7.37,6.27
-1.11,7.37,6.27
-1.11,7.37,6.27
-1.11,7.37,6.27
-1.13,7.38,6.27
-1.13,7.37,6.27
-1.13,7.37,6.27
-1.13,7.38,6.27
-1.13,7.38,6.27
-1.13,7.37,6.27
-1.10,7.37,6.27
-1.12,7.38,6.27
-1.11,7.37,6.27
-1.12,7.37,6.27
-1.11,7.37,6.27
-1.11,7.37,6.27
-1.11,7.37,6.27
-1.11,7.38,6.27
-1.11,7.38,6.27
-0.99,7.66,5.94
-0.91,7.83,5.76
-1.14,7.33,6.31
-1.06,7.50,6.14
-0.98,7.71,5.88
-0.66,8.46,5.02
-0.65,8.33,5.15
-0.89,7.83,5.77
-0.81,7.98,5.59
-0.79,8.18,5.34
-0.87,8.06,5.47
-0.97,7.90,5.65
-1.02,8.04,5.52
-1.12,7.74,5.81
-1.02,7.60,5.98
-1.16,7.39,6.34
-1.47,7.52,5.94
-2.35,7.20,6.34
-2.36,7.27,6.14
-3.36,7.39,5.76
-3.82,7.43,5.72
-4.13,7.53,5.47
-4.34,7.93,5.13
-2.31,7.81,5.53
-1.05,7.84,5.72
-0.90,7.54,6.11
-1.12,7.17,6.44
-1.58,6.41,7.39
-1.38,6.73,6.96
-1.42,6.54,7.15
-1.16,7.22,6.52
-1.46,6.65,6.99
-1.57,6.28,7.49
-1.09,7.27,6.39
-1.52,6.05,7.75
-1.10,6.99,6.71
-1.06,7.54,6.09
-0.88,8.20,5.32
-0.99,7.75,5.86
-0.93,7.99,5.48
-0.98,7.77,5.81
-0.90,7.94,5.63
-0.80,8.02,5.59
-1.13,7.88,5.73
-1.21,7.77,5.60
-1.33,7.68,5.88
-1.10,7.66,6.05
-1.08,7.67,6.02
-0.92,7.57,5.97
-1.12,7.44,6.32
-1.08,7.22,6.43
-1.16,7.11,6.54
-1.04,7.35,6.34
-0.96,7.45,6.11
-1.12,7.40,6.42
-1.08,7.21,6.37
-1.21,7.25,6.43
-1.34,6.84,6.83
-1.47,6.68,7.06
-1.55,6.74,7.10
-1.08,7.06,6.35
-1.12,7.37,6.27
-1.27,7.12,6.78
-1.29,6.56,7.11
-1.22,7.11,6.58
-1.03,7.36,6.15
-1.31,7.18,6.56
-1.40,7.23,6.45
-1.32,7.28,6.32
-1.19,7.30,6.40
-1.01,7.57,6.04
-0.87,7.81,5.76
-0.86,7.78,5.81
-1.04,7.82,5.77
-1.11,7.50,6.18
-1.10,7.41,6.14
-1.02,7.40,6.25
-1.09,7.49,6.22
-1.03,7.40,6.21
-0.98,7.44,6.16
-1.10,7.25,6.28
-1.27,7.38,6.42
-1.17,7.29,6.30
-1.23,7.33,6.35
-1.20,7.36,6.26
-1.02,7.66,5.94
-0.94,7.76,5.87
-0.90,7.71,5.93
-0.99,7.61,5.91
-0.95,7.79,5.79
-1.04,7.60,6.10
-0.82,7.61,5.90
-1.05,7.55,6.16
-1.05,7.44,6.18
-1.12,7.54,6.07
-1.07,7.50,6.06
-1.19,7.51,6.14
-1.16,7.39,6.17
-1.47,7.44,6.16
-1.24,7.45,6.17
-1.19,7.31,6.31
-1.38,7.23,6.46
-1.64,6.53,7.17
-1.91,6.02,7.69
-1.55,6.72,6.93
-1.42,7.00,6.65
-1.43,6.87,6.79
-1.56,6.58,7.16
-1.57,6.59,7.07
-1.41,7.04,6.62
-1.47,6.87,6.80
-1.29,7.29,6.34
-1.24,7.43,6.18
-1.25,7.43,6.18
-1.24,7.43,6.19
-1.25,7.43,6.18
-1.25,7.43,6.18
-1.25,7.43,6.18
-1.25,7.43,6.19
-1.24,7.42,6.18
-1.25,7.43,6.18
-1.25,7.43,6.18
-1.25,7.43,6.18
-1.24,7.43,6.18
-1.25,7.43,6.18
-1.25,7.43,6.19
-1.24,7.43,6.18
-1.24,7.43,6.19
-1.25,7.43,6.18
-1.24,7.43,6.19
-1.25,7.43,6.18
-1.25,7.43,6.19
-1.24,7.43,6.18
-1.24,7.43,6.18
-1.24,7.43,6.18
-1.24,7.43,6.18
-1.24,7.43,6.18
-1.25,7.43,6.19
-1.24,7.43,6.18
-1.25,7.43,6.18
-1.24,7.43,6.18
-1.24,7.42,6.18
-1.24,7.43,6.18
-1.25,7.43,6.18
-1.24,7.43,6.19
-1.24,7.42,6.18
-1.24,7.43,6.18
-1.24,7.43,6.18
-1.24,7.43,6.18
-1.24,7.43,6.18
-1.25,7.43,6.18
-1.24,7.43,6.18
-1.24,7.43,6.18
-1.25,7.43,6.18
-1.24,7.42,6.19
-1.24,7.43,6.18
-1.24,7.43,6.18
-1.24,7.43,6.18
-1.24,7.43,6.18
-1.24,7.43,6.18
-1.24,7.43,6.18
-1.24,7.43,6.18
-1.24,7.43,6.18
-1.24,7.43,6.18
-1.24,7.43,6.19
-1.24,7.43,6.18
-1.24,7.43,6.19
-1.24,7.43,6.18
-1.24,7.43,6.18
-1.24,7.43,6.18
-1.24,7.43,6.18
-1.24,7.43,6.18
-1.24,7.43,6.18
-1.24,7.43,6.19
-1.25,7.43,6.18
-1.24,7.43,6.19
-1.24,7.43,6.18
-1.24,7.43,6.18
-1.24,7.43,6.19
-1.24,7.43,6.19
-1.24,7.43,6.19
-1.17,7.61,5.98
-1.03,7.93,5.61
-0.95,8.11,5.42
-0.86,8.30,5.18
-0.92,8.11,5.42
-0.99,7.89,5.62
-1.14,7.58,6.05
-1.26,7.16,6.50
-1.28,7.13,6.50
-1.35,7.36,6.25
-0.99,7.85,5.74
-0.54,8.46,5.05
-0.67,8.56,4.90
-0.50,8.09,5.33
-0.60,8.34,5.24
-0.68,8.29,5.08
-0.77,8.35,5.32
-0.65,8.09,5.37
-0.88,7.72,6.01
-1.09,7.27,6.25
-1.22,7.35,6.62
-0.97,7.06,6.36
-1.26,7.13,6.40
-1.28,7.30,6.52
-1.30,7.12,6.46
-1.24,7.28,6.51
-1.14,7.22,6.32
-0.99,7.58,6.02
-0.90,7.76,5.87
-0.87,7.81,5.89
-0.95,7.69,5.82
-1.12,7.67,5.86
-1.22,7.35,6.29
-1.18,7.42,6.26
-1.21,7.32,6.30
-1.24,7.26,6.37
-1.30,7.24,6.42
-1.35,7.25,6.43
-1.14,7.22,6.44
-1.12,7.20,6.45
-1.17,7.40,6.15
-1.17,7.45,6.22
-1.12,7.45,6.11
-1.04,7.56,6.12
-1.14,7.51,6.05
-1.04,7.40,6.28
-1.12,7.40,6.31
-1.10,7.39,6.23
-1.22,7.26,6.21
-1.25,7.36,6.44
-1.33,7.37,6.26
-1.24,7.42,6.16
-1.18,7.41,6.19
-1.16,7.51,6.13
-1.11,7.62,5.93
-1.15,7.62,5.98
-1.13,7.49,6.08
-0.89,7.52,6.25
-0.95,7.51,6.06
-1.02,7.60,6.04
-0.98,7.57,6.04
-0.89,7.63,5.94
-0.88,7.80,5.80
-0.74,7.74,5.47
-1.01,8.04,5.64
-0.97,7.87,5.70
-1.04,7.83,5.80
-1.10,7.63,5.92
-1.32,7.34,6.28
-1.35,7.27,6.40
-1.30,7.27,6.24
-1.13,7.71,5.96
-1.17,7.30,6.28
-1.24,7.18,6.39
-1.12,7.07,6.73
-1.35,6.80,6.83
-1.49,6.66,7.12
-1.51,6.61,7.10
-1.36,6.87,6.80
-1.53,6.23,7.53
-1.66,6.18,7.69
-1.63,6.37,7.33
-1.49,6.13,7.61
-1.52,6.05,7.76
-1.61,6.01,7.85
-1.61,6.28,7.45
-1.47,6.59,7.15
-1.36,6.86,6.84
-1.22,7.28,6.36
-1.29,7.07,6.61
-1.16,7.42,6.21
-1.18,7.39,6.24
-1.18,7.39,6.24
-1.18,7.40,6.24
-1.18,7.39,6.23
-1.17,7.39,6.24
-1.18,7.39,6.23
-1.17,7.39,6.24
-1.17,7.39,6.24
-1.17,7.39,6.24
-1.18,7.39,6.24
-1.17,7.40,6.24
-1.17,7.39,6.23
-1.17,7.39,6.24
-1.18,7.39,6.24
-1.17,7.39,6.24
-1.18,7.39,6.24
-1.18,7.40,6.23
-1.18,7.40,6.24
-1.18,7.40,6.23
-1.17,7.39,6.24
-1.17,7.40,6.24
-1.17,7.40,6.24
-1.18,7.40,6.24
-1.17,7.40,6.24
-1.18,7.40,6.24
-1.18,7.40,6.24
-1.18,7.40,6.24
-1.18,7.40,6.24
-1.18,7.40,6.24
-1.18,7.40,6.24
-1.18,7.39,6.23
-1.17,7.39,6.23
-1.18,7.40,6.23
-1.18,7.40,6.23
-1.18,7.39,6.23
-1.18,7.40,6.24
-1.18,7.40,6.23
-1.18,7.40,6.23
-1.18,7.40,6.23
-1.17,7.40,6.23
-1.18,7.40,6.23
-1.18,7.40,6.24
-1.18,7.40,6.23
-1.18,7.39,6.23
-1.18,7.40,6.23
-1.18,7.40,6.24
-1.18,7.40,6.24
-1.18,7.40,6.23
-1.18,7.39,6.24
-1.18,7.40,6.23
-1.18,7.39,6.24
-1.18,7.39,6.24
-1.18,7.40,6.23
-1.18,7.40,6.24
-1.18,7.40,6.23
-1.18,7.40,6.23
-1.18,7.40,6.23
-1.18,7.40,6.23
-1.18,7.40,6.24
-1.19,7.40,6.23
-1.18,7.40,6.24
-1.18,7.40,6.24
-1.18,7.39,6.23
-1.18,7.40,6.23
-1.18,7.40,6.24
-1.18,7.40,6.23
-1.11,7.54,6.08
-1.21,7.29,6.36
-0.99,7.80,5.79
-0.72,8.49,4.97
-0.56,8.83,4.53
-0.68,8.63,4.82
-0.96,7.76,5.88
-0.76,8.16,5.34
-0.66,8.38,5.06
-0.60,8.58,4.88
-0.77,8.14,5.54
-0.88,7.81,5.98
-0.45,7.55,5.74
-0.44,8.35,5.31
-0.58,8.14,5.38
-0.75,7.65,6.07
-0.79,7.66,5.88
-0.51,7.92,5.62
-0.36,7.96,5.68
-0.36,7.98,5.79
-0.40,7.92,5.81
-0.52,7.73,5.87
-0.50,7.74,5.85
-0.47,7.68,5.85
-0.46,7.55,6.68
-0.42,7.11,6.43
-0.66,7.09,6.72
-0.45,7.53,6.55
-0.66,7.40,6.74
-0.56,7.65,6.48
-0.58,7.39,6.52
-0.73,7.38,6.42
-0.96,7.45,6.31
-1.20,7.19,6.36
-1.10,7.13,6.42
-1.01,7.35,6.06
-0.95,7.53,5.96
-0.79,7.75,5.63
-0.91,7.57,5.93
-1.05,7.32,6.21
-0.91,7.52,5.88
-0.88,7.62,5.77
-1.11,7.43,6.09
-1.06,7.37,6.38
-0.81,7.52,6.19
-0.81,7.47,6.14
-1.19,7.37,6.32
-1.21,7.32,6.40
-1.24,7.20,6.48
-1.08,7.23,6.49
-1.15,7.27,6.36
-0.97,7.39,6.27
-0.77,7.39,6.25
-0.54,7.45,6.32
-0.68,7.45,6.22
-0.95,7.50,5.93
-0.85,7.59,5.82
-0.99,7.45,6.01
-1.13,7.14,6.40
-1.15,7.07,6.41
-1.22,7.07,6.44
-1.12,7.07,6.37
-1.04,7.28,6.18
-0.95,7.42,6.14
-1.02,7.33,6.37
-1.03,7.19,6.45
-0.88,7.14,6.52
-0.73,7.16,6.74
-0.65,7.00,6.61
-0.60,7.23,6.85
-0.64,7.23,6.79
-0.59,7.33,6.88
-0.61,7.31,6.81
-0.70,7.11,6.63
-0.67,7.14,6.68
-0.58,7.07,6.68
-0.61,7.13,6.63
-0.51,7.15,6.65
-0.64,7.29,6.54
-0.79,7.28,6.35
-0.86,7.57,6.09
-0.73,7.63,6.10
-0.69,7.66,5.99
-0.88,7.77,5.85
-0.82,7.67,5.99
-0.93,7.26,6.33
-0.94,7.44,6.18
-1.10,7.72,5.92
-1.14,7.56,5.95
-1.12,7.71,5.98
-1.03,7.70,5.86
-0.85,7.68,5.88
-0.71,7.65,6.03
-0.73,7.53,6.10
-0.96,7.60,6.07
-1.08,7.54,6.02
-0.89,7.64,5.98
-0.89,7.64,5.97
-0.88,7.61,6.02
-0.89,7.60,6.04
-0.87,7.53,6.04
-0.96,7.51,6.21
-1.08,7.34,6.28
-1.08,7.40,6.18
-1.00,7.58,6.19
-0.90,7.52,6.07
-0.99,7.45,6.06
-1.00,7.24,6.44
-0.92,7.46,6.27
-0.86,7.43,6.18
-0.85,7.38,6.32
-0.84,7.46,6.14
-0.81,7.49,6.14
-0.96,7.53,6.16
-0.97,7.28,6.30
-0.97,7.14,6.60
-0.96,7.09,6.61
-1.05,7.13,6.52
-0.83,7.31,6.33
-0.94,7.30,6.39
-1.11,7.28,6.31
-1.04,7.56,6.25
-0.99,7.44,5.99
-0.93,7.61,6.17
-0.93,7.48,6.05
-0.98,7.65,6.09
-0.85,7.48,6.09
-0.90,7.14,6.54
-1.16,7.16,6.54
-1.13,7.08,6.54
-0.99,7.14,6.57
-0.95,7.32,6.57
-0.92,7.16,6.48
-1.01,7.27,6.41
-1.42,7.27,6.30
-1.20,7.45,6.30
-1.12,7.39,6.25
-0.91,7.49,6.13
-0.85,7.53,6.09
-0.74,7.52,6.05
-0.79,7.66,6.16
-0.82,7.51,6.03
-0.88,7.32,6.30
-0.83,7.41,6.23
-0.93,7.51,6.20
-0.98,7.50,6.14
-0.97,7.30,6.36
-0.95,7.18,6.50
-1.01,7.12,6.59
-0.91,7.34,6.22
-1.02,7.28,6.56
-1.03,7.21,6.48
-1.08,7.07,6.56
-1.07,7.19,6.61
-1.09,7.25,6.41
-1.04,7.19,6.46
-0.96,7.25,6.45
-1.03,7.25,6.38
-0.93,7.43,6.25
-1.06,7.41,6.42
-1.00,7.04,6.46
-1.06,7.13,6.58
-0.97,7.39,6.35
-0.90,7.42,6.35
-1.02,7.18,6.32
-0.96,7.49,6.27
-0.95,7.52,6.14
-0.96,7.48,6.23
-1.14,7.17,6.43
-1.17,7.19,6.49
-1.12,7.29,6.48
-1.12,7.30,6.35
-1.05,7.28,6.37
-1.02,7.51,6.06
-0.91,7.37,6.50
-0.93,7.41,6.13
-1.08,7.54,6.20
-1.00,7.46,6.06
-0.84,7.54,6.08
-0.80,7.61,6.15
-0.85,7.44,6.11
-0.97,7.45,6.21
-1.04,7.33,6.35
-1.05,7.42,6.20
-0.92,7.45,6.32
-0.99,7.25,6.31
-1.03,7.36,6.22
-1.11,7.36,6.42
-1.08,7.23,6.39
-0.97,7.51,6.20
-0.96,7.48,6.16
-0.93,7.44,6.19
-1.00,7.32,6.29
-1.01,7.35,6.47
-0.97,7.27,6.18
-0.95,7.51,6.22
-0.95,7.53,6.17
-1.00,7.31,6.15
-1.14,7.30,6.61
-1.05,7.21,6.43
-1.02,7.24,6.48
-1.06,7.20,6.47
-1.06,7.25,6.39
-1.07,7.35,6.32
-1.09,7.16,6.38
-1.18,7.18,6.68
-1.12,7.26,6.46
-1.18,6.86,6.75
-1.04,7.22,6.49
-1.00,7.20,6.54
-1.08,7.12,6.48
-1.20,6.87,6.91
-1.04,7.27,6.44
-0.91,7.52,6.10
-0.78,7.63,6.01
-0.82,7.56,6.11
-0.86,7.51,6.14
-0.86,7.55,6.11
-0.77,7.58,6.08
-0.77,7.40,6.23
-0.86,7.28,6.49
-0.94,7.17,6.50
-1.01,7.23,6.45
-1.00,7.24,6.56
-0.99,7.24,6.36
-0.98,7.27,6.42
-0.95,7.25,6.34
-1.10,7.25,6.46
-0.97,7.42,6.30
-0.89,7.48,6.20
-0.91,7.44,6.20
-0.86,7.46,6.25
-0.83,7.51,6.05
-0.78,7.63,6.08
-0.75,7.45,6.26
-0.78,7.29,6.29
-0.77,7.47,6.32
-0.90,7.61,6.05
-0.89,7.58,6.02
-0.88,7.55,6.02
-0.91,7.55,6.18
-0.95,7.28,6.37
-1.02,7.29,6.46
-1.09,7.19,6.47
-1.09,7.20,6.49
-1.10,7.22,6.51
-1.00,7.22,6.32
-0.93,7.53,6.20
-0.85,7.55,6.02
-0.85,7.67,5.99
-0.94,7.44,6.26
-0.95,7.32,6.31
-1.08,7.25,6.49
-1.11,7.25,6.37
-1.06,7.48,6.23
-1.06,7.36,6.28
-1.13,7.18,6.50
-0.98,7.58,6.08
-0.94,7.60,5.94
-1.01,7.45,6.19
-0.98,7.57,5.95
-0.94,7.62,6.31
-0.94,7.45,6.09
-0.88,7.54,6.07
-0.87,7.63,6.04
-0.92,7.37,6.28
-0.94,7.54,6.17
-0.99,7.47,6.07
-1.00,7.61,6.17
-0.93,7.62,5.84
-0.95,7.75,5.82
-0.86,7.78,5.84
-0.96,7.71,5.96
-0.99,7.29,6.15
-1.17,7.24,6.50
-1.12,7.14,6.48
-1.11,7.38,6.32
-1.08,7.31,6.36
-0.97,7.56,6.14
-1.01,7.46,6.09
-1.08,7.26,6.50
-0.96,7.32,6.29
-0.90,7.63,6.10
-0.95,7.36,6.30
-0.83,7.44,6.18
-0.86,7.50,6.20
-0.77,7.34,6.41
-1.01,7.20,6.48
-0.94,7.28,6.32
-0.91,7.56,6.10
-1.06,7.29,6.40
-1.00,7.25,6.50
-0.85,7.22,6.35
-0.75,7.33,6.42
-0.93,7.38,6.23
-0.95,7.55,6.14
-0.92,7.69,5.91
-1.00,7.42,6.21
-0.98,7.23,6.56
-0.94,7.20,6.42
-0.95,7.27,6.47
-0.81,7.26,6.39
-0.81,7.40,6.44
-0.85,7.27,6.30
-1.00,7.18,6.50
-0.97,7.20,6.55
-1.01,7.16,6.48
-0.99,7.12,6.57
-0.93,7.25,6.53
-0.87,7.29,6.40
-0.91,7.41,6.23
-0.76,7.55,6.16
-0.77,7.44,6.16
-0.97,7.29,6.37
-0.71,7.66,5.99
-0.65,7.76,5.83
-0.49,7.91,5.78
-0.51,7.87,5.73
-0.67,7.60,6.02
-0.93,7.20,6.56
-0.82,7.43,6.29
-0.94,7.27,6.43
-0.66,7.53,6.07
-0.58,7.69,5.97
-0.71,7.61,6.07
-0.72,7.21,6.50
-0.86,7.06,6.57
-0.88,7.15,6.71
-0.94,7.24,6.44
-0.76,7.27,6.38
-0.47,7.58,6.12
-0.15,7.64,6.03
0.04,7.65,6.24
-0.58,7.50,6.04
-1.31,7.60,5.98
-1.47,7.44,6.16
-1.38,7.32,6.27
-1.19,7.46,6.27
-1.19,7.25,6.35
-1.05,7.12,6.53
-1.07,7.14,6.59
-1.10,7.10,6.55
-1.05,7.49,6.06
-1.05,8.01,5.47
-1.09,8.13,5.17
-1.26,8.23,5.24
-1.36,8.19,5.25
-1.28,7.52,6.00
-0.81,7.21,6.61
-0.27,6.92,6.77
0.22,6.91,7.07
-0.31,6.96,6.80
-0.76,7.01,6.73
-1.17,7.16,6.59
-1.29,7.35,6.26
-1.32,7.28,6.29
-1.12,7.14,6.61
-1.06,7.22,6.37
-0.98,7.64,6.07
-1.00,7.69,5.98
-0.88,7.62,6.06
-0.96,7.48,6.22
-1.07,7.08,6.50
-1.02,7.25,6.52
-1.05,7.45,6.61
-1.11,7.13,6.45
-1.19,7.15,6.50
-1.01,7.22,6.67
-1.02,7.08,6.55
-0.80,7.40,6.54
-0.74,7.44,6.07
-1.00,7.28,6.46
-1.26,7.26,6.53
-1.19,7.15,6.46
-1.37,7.27,6.50
-1.31,7.19,6.53
-1.60,6.38,7.39
-1.56,6.31,7.44
-1.20,7.24,6.45
-1.48,6.47,7.32
-1.80,5.87,8.00
-1.46,6.76,6.86
-1.44,6.59,7.18
-1.15,7.03,6.66
-1.03,6.91,6.93
-0.88,6.98,6.70
-1.09,7.03,6.66
-1.10,7.36,6.29
-1.12,7.37,6.36
-1.20,7.22,6.33
-1.23,7.20,6.51
-1.24,7.19,6.50
-1.23,7.16,6.48
-1.22,7.19,6.46
-1.11,7.35,6.29
-1.12,7.40,6.25
-1.17,7.31,6.34
-1.23,7.13,6.53
-1.12,7.37,6.29
-1.08,7.46,6.18
-1.01,7.61,6.03
-1.11,7.28,6.38
-1.43,6.66,7.02
-1.09,7.41,6.23
-1.15,7.36,6.29
-0.89,7.95,5.62
-0.87,7.96,5.59
-0.99,7.72,5.86
-0.99,7.76,5.79
-1.15,7.52,6.16
-1.08,7.63,5.96
-1.03,7.74,5.85
-1.06,7.59,6.01
-1.13,7.37,6.27
-1.16,7.36,6.29
-1.32,6.93,6.78
-1.27,7.10,6.58
-0.92,7.86,5.71
-0.84,8.03,5.51
-1.07,7.51,6.11
-1.09,7.47,6.16
-1.03,7.65,5.96
-0.98,7.68,5.92
-0.89,7.83,5.75
-0.99,7.62,6.01
-0.95,7.68,5.93
-0.97,7.67,5.93
-0.98,7.67,5.95
-1.18,7.32,6.33
-1.19,7.15,6.54
-1.07,7.45,6.18
-0.90,7.89,5.68
-0.79,8.17,5.35
-1.00,7.62,6.00
-1.23,7.06,6.64
-1.05,7.53,6.09
-0.90,7.79,5.80
-0.99,7.64,5.96
-1.10,7.26,6.40
-1.11,7.28,6.42
-1.07,7.40,6.22
-1.19,7.12,6.58
-1.26,6.98,6.72
-1.10,7.37,6.28
-0.94,7.70,5.90
-0.95,7.71,5.91
-1.05,7.46,6.20
-0.79,8.07,5.46
-1.00,7.63,5.99
-0.99,7.61,6.01
-0.94,7.74,5.88
-0.84,7.97,5.56
-1.05,7.48,6.15
-1.08,7.37,6.28
-0.91,7.70,5.92
-0.90,7.78,5.83
-0.87,7.82,5.74
-0.99,7.53,6.13
-1.12,7.22,6.46
-1.09,7.32,6.37
-1.00,7.48,6.16
-0.91,7.69,5.92
-0.97,7.57,6.04
-0.91,7.70,5.92
-0.91,7.65,5.96
-1.01,7.61,6.03
-0.93,7.71,5.88
-1.06,7.52,6.13
-1.09,7.38,6.26
-1.08,7.38,6.29
-1.13,7.26,6.40
-1.02,7.56,6.08
-1.06,7.48,6.14
-1.07,7.39,6.28
-1.04,7.48,6.17
-1.03,7.50,6.14
-0.90,7.80,5.79
-0.80,7.99,5.57
-0.72,8.05,5.51
-0.79,7.90,5.67
-0.86,7.73,5.88
-1.08,7.26,6.40
-1.10,7.28,6.42
-0.93,7.69,6.02
-0.78,7.97,5.54
-0.81,7.96,5.58
-0.85,7.84,5.73
-1.00,7.47,6.13
-1.02,7.51,6.18
-1.04,7.49,6.15
-0.90,7.73,5.89
-0.89,7.71,5.88
-0.91,7.71,5.88
-0.95,7.72,5.91
-1.03,7.50,6.08
-0.97,7.61,6.04
-0.89,7.85,5.75
-0.96,7.70,5.87
-1.07,7.45,6.22
-1.05,7.45,6.20
-1.03,7.42,6.21
-1.11,7.35,6.31
-1.15,7.37,6.25
-1.10,7.45,6.16
-1.17,7.30,6.37
-1.08,7.44,6.20
-1.02,7.51,6.16
-1.09,7.46,6.14
-1.16,7.23,6.43
-1.29,6.96,6.76
-1.40,6.75,6.92
-1.33,6.82,6.92
-1.10,7.39,6.27
-1.01,7.52,6.10
-1.19,7.13,6.56
-1.20,7.22,6.44
-1.03,7.56,6.09
-0.98,7.64,5.96
-0.90,7.81,5.79
-0.89,7.70,5.93
-0.96,7.47,6.17
-0.57,7.78,5.87
-0.82,7.93,5.65
-0.87,8.13,5.37
-0.54,8.71,4.76
-0.73,8.85,4.51
-1.09,8.48,4.90
-1.11,8.47,4.98
-1.20,8.21,5.21
-1.35,7.49,6.11
-1.28,7.20,6.41
-1.27,7.22,6.49
-1.21,7.18,6.51
-1.56,6.42,7.30
-1.58,6.49,7.24
-1.20,6.82,6.86
-1.11,6.70,7.08
-1.29,6.80,6.88
-1.35,6.93,6.77
-1.13,7.27,6.40
-0.93,7.44,6.21
-1.72,6.62,7.09
-1.52,6.72,6.97
-1.14,7.41,6.24
-0.98,7.76,5.84
-0.98,7.85,5.70
-0.85,7.86,5.73
-1.01,7.40,6.27
-1.26,6.83,6.89
-1.02,7.42,6.23
-0.93,7.63,5.99
-0.95,7.66,5.95
-0.99,7.57,6.05
-1.00,7.54,6.10
-1.03,7.49,6.15
-1.02,7.52,6.11
-1.00,7.60,6.03
-1.02,7.56,6.06
-0.89,7.82,5.77
-0.80,8.05,5.48
-0.96,7.71,5.90
-1.16,7.20,6.48
-1.29,6.96,6.76
-1.18,7.12,6.57
-1.13,7.28,6.37
-1.22,7.07,6.63
-1.12,7.35,6.30
-0.99,7.66,5.94
-0.83,8.05,5.51
-0.80,8.16,5.37
-0.84,8.12,5.41
-0.85,8.18,5.34
-1.03,7.84,5.74
-0.93,8.07,5.47
-0.98,7.86,5.70
-1.00,7.77,5.80
-1.20,7.32,6.34
-1.03,7.49,6.12
-1.00,7.47,6.19
-1.00,7.49,6.17
-1.20,7.20,6.44
-1.33,7.11,6.59
-1.04,6.95,6.77
-1.07,7.45,6.18
-1.21,7.45,6.21
-1.10,7.58,6.05
-1.15,7.36,6.28
-0.98,7.42,6.27
-0.59,7.96,5.57
-0.63,8.73,4.68
-0.98,8.23,5.30
-1.25,7.59,6.00
-1.31,7.23,6.43
-1.11,7.12,6.50
-1.13,7.15,6.59
-1.44,6.37,7.40
-1.20,7.01,6.68
-1.09,7.32,6.33
-0.98,7.60,6.02
-0.96,7.66,5.95
-0.85,7.94,5.62
-0.76,8.14,5.40
-0.99,7.80,5.83
-1.03,7.62,6.00
-1.23,7.18,6.47
-1.31,7.02,6.62
-1.11,7.45,6.21
-1.13,7.41,6.24
-1.12,7.39,6.27
-1.12,7.31,6.36
-1.05,7.50,6.10
-0.81,8.05,5.48
-0.84,8.07,5.49
-1.03,7.65,5.95
-1.28,7.02,6.66
-1.18,7.18,6.49
-1.13,7.39,6.26
-1.19,7.37,6.30
-1.07,7.65,5.95
-1.01,7.79,5.77
-1.04,7.71,5.89
-1.10,7.54,6.07
-1.25,7.22,6.42
-1.21,7.24,6.43
-1.05,7.61,5.99
-1.14,7.39,6.27
-1.05,7.53,6.10
-1.09,7.45,6.21
-1.06,7.58,6.03
-1.02,7.63,6.00
-0.91,7.95,5.58
-0.90,7.92,5.69
-0.87,8.01,5.54
-0.82,8.10,5.46
-0.83,8.03,5.50
-0.94,7.81,5.77
-0.93,7.80,5.83
-1.08,7.53,6.09
-1.14,7.44,6.14
-1.17,7.40,6.23
-1.16,7.46,6.18
-1.14,7.39,6.23
-1.15,7.43,6.24
-1.08,7.63,5.96
-0.93,7.91,5.64
-0.91,7.95,5.62
-0.93,7.94,5.57
-0.97,7.94,5.63
-1.11,7.49,6.12
-1.12,7.54,6.10
-1.05,7.45,6.15
-1.01,7.49,6.17
-0.90,7.72,5.87
-0.92,7.75,5.89
-1.06,7.30,6.29
-1.17,7.24,6.49
-1.33,6.90,6.81
-1.14,7.18,6.47
-1.22,7.36,6.28
-0.94,7.89,5.69
-0.80,8.16,5.37
-0.85,7.97,5.57
-0.82,8.20,5.33
-0.75,8.30,5.19
-0.85,8.04,5.50
-1.00,7.44,6.19
-1.29,6.78,6.96
-1.19,7.06,6.64
-1.12,7.18,6.48
-1.09,7.18,6.50
-1.06,7.32,6.39
-1.18,7.24,6.42
-1.05,7.45,6.14
-1.02,7.67,5.91
-0.87,7.96,5.64
-0.78,8.05,5.47
-0.68,8.24,5.35
-0.83,7.85,5.69
-0.95,7.60,6.08
-1.05,7.41,6.23
-1.07,7.44,6.14
-1.13,7.44,6.20
-0.94,7.85,5.71
-0.98,8.02,5.53
-1.02,7.73,5.87
-0.91,7.94,5.57
-0.93,7.87,5.66
-1.26,7.53,6.15
-1.26,7.24,6.32
-1.33,7.24,6.36
-1.31,7.52,6.21
-1.12,7.64,5.87
-1.02,7.78,5.75
-1.16,7.62,5.98
-1.38,7.17,6.53
-1.41,6.78,6.85
-1.30,7.12,6.53
-1.29,7.25,6.39
-1.35,7.34,6.31
-1.23,7.48,6.15
-1.11,7.49,6.08
-1.00,7.86,5.67
-1.04,7.89,5.70
-0.94,7.96,5.55
-0.97,7.86,5.73
-0.95,7.89,5.65
-1.03,7.56,6.01
-1.07,7.47,6.14
-1.06,7.54,6.15
-1.07,7.19,6.49
-1.50,6.12,7.61
-1.28,6.77,6.98
-0.94,7.48,6.15
-0.97,7.64,6.00
-1.13,7.45,6.23
-1.00,7.50,6.12
-1.02,7.33,6.32
-0.98,7.39,6.28
-0.87,7.53,6.12
-0.80,7.72,5.91
-0.66,8.02,5.52
-0.93,7.56,6.14
-0.89,7.57,6.08
-0.87,7.55,6.07
-0.90,7.46,6.20
-0.91,7.42,6.28
-0.81,7.67,5.94
-0.90,7.50,6.13
-1.05,7.24,6.46
-0.97,7.46,6.23
-1.07,7.32,6.33
-0.90,7.64,6.00
-0.73,7.96,5.59
-0.76,7.80,5.81
-0.59,8.10,5.44
-0.82,7.89,5.71
-1.04,7.45,6.23
-0.95,7.51,6.16
-0.67,7.79,5.78
-0.58,8.01,5.58
-0.63,8.04,5.58
-0.70,7.92,5.68
-0.85,7.61,6.04
-0.61,7.73,5.86
-0.70,7.64,6.04
-0.76,7.41,6.38
-0.81,7.12,6.49
-0.73,7.29,6.43
-0.76,6.98,6.62
-1.04,6.73,7.17
-0.86,7.03,6.67
-0.80,7.41,6.32
-0.84,7.29,6.45
-0.82,7.31,6.38
-0.85,7.34,6.34
-0.84,7.27,6.43
-0.78,7.38,6.29
-0.78,7.36,6.36
-0.72,7.55,6.10
-0.64,7.66,6.00
-0.50,7.95,5.66
-0.50,7.90,5.71
-0.45,7.94,5.70
-0.57,7.61,6.05
-0.67,7.37,6.31
-0.73,7.43,6.29
-0.78,7.18,6.55
-0.77,7.09,6.61
-0.73,7.21,6.53
-0.59,7.50,6.17
-0.45,7.86,5.78
-0.33,8.05,5.55
-0.24,8.32,5.21
-0.41,8.02,5.62
-0.43,7.92,5.70
-0.53,7.61,6.09
-0.66,7.11,6.58
-0.63,7.20,6.57
-0.69,7.12,6.61
-0.59,7.26,6.47
-0.56,7.27,6.46
-0.53,7.28,6.47
-0.54,7.20,6.51
-0.48,7.35,6.39
-0.55,7.29,6.46
-0.54,7.39,6.33
-0.40,7.85,5.76
-0.41,7.79,5.87
-0.50,7.61,6.07
-0.55,7.56,6.13
-0.43,7.71,5.91
-0.43,7.71,5.96
-0.46,7.70,5.96
-0.37,7.75,5.91
-0.38,7.85,5.81
-0.40,7.72,5.93
-0.36,7.84,5.81
-0.39,7.71,5.95
-0.58,7.34,6.37
-0.70,7.18,6.56
-0.60,7.39,6.33
-0.60,7.37,6.32
-0.49,7.51,6.23
-0.42,7.63,6.03
-0.49,7.37,6.33
-0.52,7.28,6.46
-0.39,7.67,5.98
-0.45,7.46,6.26
-0.47,7.51,6.18
-0.44,7.63,6.03
-0.47,7.63,6.04
-0.46,7.79,5.86
-0.48,7.78,5.86
-0.44,7.73,5.92
-0.44,7.55,6.13
-0.30,7.85,5.81
-0.27,7.93,5.68
-0.20,8.00,5.63
-0.29,7.95,5.67
-0.34,7.81,5.84
-0.48,7.72,5.96
-0.52,7.63,6.02
-0.62,7.39,6.27
-0.68,7.23,6.61
-0.70,7.12,6.54
-0.73,7.00,6.73
-0.62,7.29,6.39
-0.48,7.70,5.97
-0.48,7.69,5.97
-0.51,7.66,6.00
-0.40,7.79,5.84
-0.41,7.81,5.85
-0.50,7.65,5.97
-0.62,7.39,6.32
-0.65,7.43,6.28
-0.52,7.64,6.05
-0.37,7.98,5.60
-0.45,7.86,5.75
-0.48,7.83,5.85
-0.61,7.59,6.03
-0.48,7.69,5.97
-0.57,7.58,6.14
-0.59,7.38,6.27
-0.55,7.51,6.19
-0.55,7.58,6.08
-0.56,7.68,6.01
-0.56,7.63,5.99
-0.56,7.64,6.04
-0.42,7.96,5.65
-0.44,7.89,5.78
-0.57,7.61,5.99
-0.57,7.65,6.05
-0.62,7.57,6.06
-0.65,7.52,6.19
-0.74,7.43,6.25
-0.77,7.27,6.41
-0.80,7.30,6.42
-0.68,7.58,6.05
-0.69,7.50,6.17
-0.70,7.52,6.15
-0.62,7.72,5.91
-0.63,7.89,5.74
-0.61,7.94,5.60
-0.70,7.85,5.77
-0.92,7.41,6.30
-0.98,7.20,6.50
-1.05,7.19,6.53
-0.84,7.45,6.16
-0.87,7.46,6.20
-0.85,7.45,6.21
-0.89,7.46,6.19
-0.92,7.34,6.32
-0.97,7.31,6.38
-0.83,7.75,5.82
-0.67,8.16,5.40
-0.60,8.31,5.22
-0.58,8.13,5.39
-0.64,8.03,5.51
-0.56,8.03,5.57
-0.50,8.25,5.27
-0.59,8.19,5.37
-0.66,8.06,5.46
-0.67,8.06,5.59
-0.80,7.68,5.82
-0.95,7.43,6.17
-1.07,7.32,6.35
-0.96,7.54,6.11
-0.97,7.41,6.26
-1.01,7.36,6.26
-0.92,7.72,5.89
-0.95,7.89,5.67
-0.94,7.89,5.68
-0.88,7.91,5.67
-0.87,7.89,5.63
-0.91,7.87,5.65
-0.71,7.70,5.93
-0.80,7.57,6.06
-0.99,7.63,5.97
-1.15,7.49,6.09
-1.32,7.38,6.20
-1.20,7.42,6.28
-1.02,7.70,5.85
-0.90,7.97,5.59
-1.01,7.71,5.83
-1.03,7.68,5.91
-1.11,7.49,6.10
-1.01,7.51,6.13
-1.04,7.68,5.90
-1.16,7.55,6.04
-1.10,7.70,5.87
-1.04,7.79,5.72
-1.08,7.69,5.90
-0.95,7.98,5.53
-0.94,8.03,5.49
-0.96,8.01,5.52
-0.93,8.06,5.49
-0.94,8.00,5.48
-0.91,8.07,5.43
-1.00,8.12,5.44
-1.05,7.77,5.72
-1.11,7.70,5.85
-0.96,7.92,5.64
-0.90,8.12,5.38
-0.85,8.09,5.42
-0.89,7.93,5.58
-0.94,7.85,5.74
-0.84,8.04,5.50
-0.72,8.14,5.39
-0.81,8.09,5.35
-1.23,7.40,6.28
-1.26,7.19,6.41
-1.72,6.07,7.73
-1.25,7.32,6.30
-1.24,7.28,6.31
-1.05,7.69,5.90
-0.86,8.08,5.40
-0.90,8.09,5.44
-0.84,8.18,5.31
-0.81,8.22,5.26
-0.91,8.12,5.42
-0.91,8.06,5.43
-0.92,8.03,5.48
-0.94,8.01,5.50
-0.95,8.02,5.50
-0.88,8.11,5.44
-0.98,7.99,5.54
-1.03,7.71,5.83
-1.17,7.45,6.13
-1.10,7.77,5.83
-1.05,7.87,5.67
-1.12,7.61,5.93
-1.19,7.37,6.27
-1.11,7.48,6.12
-1.08,7.45,6.18
-1.03,7.70,5.86
-1.12,7.79,5.75
-1.10,7.95,5.58
-0.96,7.91,5.61
-0.92,7.88,5.64
-0.85,7.81,5.68
-0.95,7.88,5.74
-0.99,7.83,5.75
-1.18,7.50,6.01
-1.23,7.46,6.10
-1.09,7.95,5.66
-1.18,7.99,5.56
-0.98,8.04,5.48
-0.96,8.12,5.40
-0.87,7.87,5.56
-0.93,7.77,5.84
-1.01,7.56,6.02
-0.75,7.79,5.84
-0.77,7.82,5.70
-0.95,7.83,5.80
-1.26,7.35,6.33
-1.24,7.28,6.24
-1.21,7.33,6.26
-1.35,7.23,6.43
-1.50,7.04,6.73
-1.33,7.03,6.52
-1.27,7.19,6.46
-1.35,7.11,6.53
-1.28,7.34,6.31
-1.28,7.17,6.45
-1.26,7.18,6.43
-1.21,7.43,6.22
-1.09,7.76,5.77
-1.23,7.41,6.24
-1.11,7.53,6.04
-0.85,8.17,5.31
-0.87,8.26,5.25
-0.93,8.06,5.45
-0.88,8.13,5.32
-0.88,8.23,5.31
-0.89,8.11,5.41
-0.91,8.05,5.49
-1.03,7.76,5.80
-0.92,7.89,5.66
-0.85,8.07,5.45
-0.83,8.07,5.40
-1.11,7.52,6.07
-1.30,7.34,6.34
-1.16,7.50,6.09
-1.20,7.42,6.24
-1.20,7.31,6.22
-1.12,7.31,6.35
-1.22,7.23,6.43
-1.32,7.04,6.65
-1.37,7.03,6.59
-1.24,7.37,6.22
-1.10,7.75,5.84
-1.25,7.63,5.96
-1.14,7.90,5.60
-1.09,7.79,5.74
-0.98,8.09,5.40
-1.17,7.72,5.85
-1.24,7.55,6.00
-1.06,8.03,5.49
-0.99,8.00,5.48
-1.13,7.68,5.91
-1.04,7.80,5.79
-1.08,7.69,5.84
-1.14,7.60,5.98
-1.31,7.30,6.31
-1.25,7.47,6.11
-1.40,7.24,6.36
-1.58,6.87,6.77
-1.36,7.38,6.23
-1.15,7.84,5.69
-0.95,8.25,5.21
-0.91,8.36,5.06
-0.94,8.28,5.21
-1.01,7.92,5.57
-0.93,8.15,5.38
-1.05,7.88,5.66
-1.10,7.74,5.79
-1.09,7.95,5.62
-0.95,7.87,5.64
-0.98,7.94,5.60
-0.89,8.14,5.40
-1.08,7.62,5.94
-0.98,7.79,5.80
-0.95,7.95,5.53
-1.11,7.67,5.94
-1.02,7.90,5.61
-1.07,7.73,5.82
-1.21,7.62,5.92
-1.06,7.87,5.66
-1.10,7.78,5.75
-1.19,7.70,5.94
-1.09,7.78,5.77
-1.28,7.37,6.17
-1.29,7.32,6.30
-1.37,7.35,6.28
-1.69,6.77,6.85
-1.79,6.42,7.27
-1.40,7.11,6.49
-1.25,7.49,6.11
-1.20,7.58,5.98
-0.98,8.16,5.32
-0.80,8.54,4.90
-0.71,8.66,4.73
-0.78,8.35,5.10
-0.88,8.17,5.30
-1.06,7.77,5.75
-1.25,7.36,6.32
-1.24,7.21,6.39
-1.24,7.34,6.31
-1.26,7.35,6.28
-1.24,7.64,5.88
-1.38,7.19,6.43
-1.48,6.93,6.73
-1.46,6.99,6.68
-1.30,7.35,6.25
-1.15,7.70,5.85
-1.14,7.74,5.80
-1.19,7.63,5.95
-1.10,7.81,5.72
-0.99,8.07,5.44
-0.85,8.36,5.08
-0.91,8.23,5.22
-1.24,7.49,6.10
-1.33,7.31,6.31
-1.27,7.48,6.11
-0.96,8.18,5.32
-1.12,7.81,5.71
-1.23,7.52,6.07
-1.21,7.44,6.17
-1.18,7.54,6.03
-1.18,7.54,6.05
-1.22,7.44,6.17
-0.92,8.16,5.34
-0.73,8.58,4.83
-0.85,8.42,5.03
-0.94,8.18,5.29
-0.97,8.09,5.40
-1.04,7.92,5.60
-1.07,7.92,5.57
-1.19,7.64,5.90
-1.25,7.57,6.02
-1.54,6.96,6.65
-1.57,6.89,6.78
-1.39,7.25,6.37
-1.27,7.53,6.03
-1.24,7.52,6.06
-1.08,7.99,5.51
-0.96,8.32,5.13
-0.96,8.31,5.13
-1.16,7.68,5.90
-1.10,7.63,5.94
-1.28,7.56,6.01
-1.29,7.56,6.00
-1.29,7.66,5.91
-1.20,7.75,5.76
-1.16,7.76,5.79
-1.15,7.68,5.88
-1.06,7.90,5.66
-1.02,7.88,5.65
-0.90,8.13,5.36
-0.90,8.10,5.39
-1.06,7.90,5.66
-1.10,7.81,5.74
-1.07,7.75,5.79
-1.02,7.74,5.83
-1.06,7.75,5.83
-1.09,7.73,5.80
-1.00,7.91,5.63
-0.90,7.94,5.60
-1.02,7.69,5.88
-1.17,7.26,6.38
-1.20,7.40,6.24
-1.10,7.66,5.93
-1.13,7.70,5.85
-1.15,7.58,6.04
-1.16,7.60,5.95
-1.22,7.41,6.21
-1.11,7.68,5.89
-1.22,7.43,6.17
-1.27,7.37,6.24
-1.67,6.54,7.14
-1.60,6.67,7.02
-1.40,7.16,6.49
-1.28,7.35,6.25
-1.35,7.23,6.42
-1.27,7.42,6.18
-1.25,7.44,6.16
-1.23,7.51,6.07
-1.09,7.84,5.71
-1.04,7.87,5.68
-0.82,8.32,5.16
-0.99,7.90,5.64
-1.22,7.47,6.14
-1.07,7.83,5.74
-1.13,7.75,5.79
-1.17,7.69,5.89
-1.17,7.74,5.79
-1.31,7.37,6.26
-1.33,7.33,6.28
-1.43,7.11,6.52
-1.44,7.10,6.57
-1.42,7.13,6.49
-1.16,7.74,5.83
-1.26,7.46,6.14
-1.17,7.67,5.90
-1.26,7.41,6.19
-1.40,6.99,6.67
-1.15,7.65,5.94
-1.15,7.62,5.95
-1.15,7.62,5.96
-1.15,7.63,5.96
-1.16,7.62,5.96
-1.16,7.62,5.97
-1.16,7.62,5.96
-1.16,7.62,5.96
-1.16,7.62,5.96
-1.16,7.62,5.96
-1.17,7.63,5.97
-1.17,7.62,5.96
-1.17,7.62,5.96
-1.17,7.62,5.96
-1.17,7.62,5.96
-1.17,7.62,5.96
-1.17,7.62,5.96
-1.17,7.63,5.95
-1.08,7.83,5.71
-1.00,8.00,5.52
-1.03,7.92,5.62
-1.05,7.85,5.70
-1.05,7.81,5.74
-1.06,7.75,5.80
-1.16,7.57,6.02
-1.27,7.26,6.37
-1.13,7.59,6.00
-1.09,7.64,5.94
-1.26,7.23,6.42
-1.39,6.89,6.79
-1.14,7.52,6.08
-1.12,7.59,6.01
-1.12,7.58,6.02
-1.12,7.58,6.01
-1.09,7.66,5.92
-0.95,7.96,5.58
-0.73,8.45,5.00
-0.92,8.04,5.47
-1.05,7.73,5.83
-1.06,7.72,5.87
-1.00,7.82,5.72
-1.05,7.70,5.88
-0.95,7.87,5.68
-0.96,7.86,5.69
-0.99,7.79,5.76
-0.91,7.94,5.63
-1.03,7.69,5.89
-1.22,7.26,6.41
-1.16,7.34,6.29
-1.20,7.29,6.34
-1.12,7.50,6.10
-1.16,7.39,6.25
-1.10,7.54,6.07
-0.94,8.00,5.52
-0.85,8.21,5.30
-0.88,8.15,5.36
-0.89,8.01,5.52
-1.00,7.73,5.83
-1.07,7.68,5.90
-1.12,7.64,5.94
-1.16,7.53,6.06
-1.23,7.42,6.17
-1.03,7.84,5.70
-0.95,8.06,5.47
-0.87,8.17,5.33
-0.88,8.14,5.34
-0.91,7.99,5.57
-1.14,7.64,5.90
-1.28,7.38,6.28
-1.14,7.39,6.21
-1.02,7.67,5.89
-1.09,7.61,6.00
-1.16,7.42,6.17
-1.06,7.63,5.94
-1.25,7.43,6.17
-1.33,7.38,6.19
-1.26,7.46,6.17
-1.23,7.50,6.07
-1.03,7.79,5.79
-1.06,7.64,5.92
-1.20,7.34,6.29
-1.23,7.30,6.32
-1.35,7.07,6.56
-1.60,6.45,7.29
-1.72,6.29,7.43
-1.41,6.97,6.69
-1.23,7.38,6.25
-1.07,7.71,5.85
-1.17,7.50,6.10
-1.17,7.50,6.09
-1.37,7.17,6.47
-1.77,6.18,7.54
-1.60,6.57,7.14
-1.36,7.04,6.63
-1.30,7.21,6.43
-1.16,7.56,6.05
-1.37,7.04,6.64
-1.38,7.02,6.64
-1.19,7.50,6.11
-1.21,7.48,6.12
-1.20,7.48,6.12
-1.20,7.48,6.12
-1.20,7.48,6.12
-1.20,7.49,6.13
-1.20,7.48,6.13
-1.20,7.48,6.12
-1.20,7.49,6.12
-1.20,7.48,6.12
-1.05,7.82,5.75
-0.91,8.13,5.37
-1.08,7.75,5.81
-0.94,8.05,5.47
-0.94,8.01,5.53
-1.22,7.38,6.22
-1.30,7.21,6.44
-1.40,6.95,6.73
-1.32,7.18,6.47
-1.27,7.30,6.33
-1.27,7.29,6.36
-1.09,7.76,5.81
-1.36,7.02,6.63
-1.42,6.85,6.86
-1.16,7.52,6.08
-0.99,7.89,5.66
-0.90,8.12,5.38
-1.17,7.57,6.02
-1.16,7.49,6.12
-1.16,7.52,6.10
-1.15,7.57,6.01
-1.48,6.69,7.01
-1.15,7.54,6.07
-1.14,7.55,6.06
-1.04,7.74,5.83
-1.11,7.56,6.05
-1.11,7.55,6.05
-1.00,7.78,5.79
-1.03,7.74,5.82
-0.84,8.16,5.36
-0.87,8.11,5.39
-0.99,7.85,5.76
-0.90,7.94,5.58
-1.21,7.36,6.25
-1.38,6.98,6.70
-1.34,7.04,6.64
-1.17,7.43,6.20
-1.40,6.87,6.80
-1.28,7.14,6.53
-1.20,7.37,6.27
-1.22,7.33,6.32
-1.20,7.38,6.24
-1.09,7.62,5.98
-1.07,7.67,5.92
-0.90,8.06,5.47
-0.82,8.20,5.31
-0.90,8.00,5.55
-0.89,8.00,5.51
-0.82,8.12,5.40
-0.75,8.24,5.30
-0.89,8.35,5.09
-1.07,7.72,5.84
-1.51,6.66,7.07
-1.39,6.81,6.91
-1.18,7.35,6.28
-0.97,7.93,5.63
-0.88,7.84,5.74
-1.06,7.50,6.14
-1.06,7.22,6.45
-1.07,7.45,6.20
-0.96,7.67,5.97
-1.09,7.34,6.18
-1.09,7.43,6.26
-1.13,7.37,6.24
-0.95,7.35,6.35
-0.62,8.11,5.49
-1.04,8.31,5.07
-1.26,7.95,5.55
-1.44,7.49,6.16
-1.27,7.26,6.32
-1.18,7.29,6.39
-1.21,7.25,6.55
-1.50,6.46,7.24
-1.19,7.23,6.55
-1.10,7.38,6.32
-1.16,7.29,6.45
-1.13,7.16,6.51
-1.17,7.11,6.57
-1.18,7.18,6.47
-1.07,7.45,6.16
-1.14,7.35,6.30
-1.32,7.43,6.21
-1.13,7.45,6.16
-1.10,7.47,6.19
-1.26,7.17,6.48
-1.17,7.40,6.23
-1.23,7.20,6.44
-1.33,6.93,6.77
-1.31,6.97,6.70
-1.37,6.87,6.82
-1.00,7.74,5.84
-1.08,7.53,6.07
-1.04,7.64,5.96
-0.65,8.48,4.97
-0.74,8.31,5.16
-0.84,8.05,5.44
-1.01,7.54,6.12
-1.35,6.89,6.79
-1.08,7.53,6.08
-1.03,7.75,5.83
-1.01,7.73,5.85
-0.99,7.78,5.81
-0.79,8.20,5.29
-0.88,8.05,5.48
-0.98,7.78,5.80
-1.04,7.66,5.93
-1.18,7.39,6.25
-1.04,7.69,5.89
-1.00,7.76,5.81
-0.82,8.19,5.30
-1.15,7.45,6.16
-1.01,7.75,5.82
-0.87,8.12,5.39
-1.01,7.68,5.92
-1.06,7.56,6.07
-0.98,7.66,5.91
-0.92,7.86,5.69
-0.95,7.76,5.81
-0.92,7.78,5.79
-0.83,8.21,5.29
-0.74,8.30,5.16
-0.74,8.28,5.22
-0.95,7.73,5.84
-1.17,7.22,6.42
-1.05,7.51,6.11
-1.12,7.38,6.21
-1.01,7.81,5.75
-1.09,7.80,5.72
-0.86,8.01,5.51
-0.98,7.74,5.62
-1.19,7.73,5.86
-1.31,7.60,6.00
-0.95,7.47,6.16
-0.23,7.32,6.41
1.71,6.97,7.11
2.59,7.03,6.94
2.45,7.35,6.59
1.89,7.86,5.83
0.63,8.06,5.66
-0.14,7.68,5.89
-0.35,7.56,6.18
-0.23,7.70,6.18
-0.32,7.59,6.10
0.01,7.64,6.37
0.26,7.43,6.33
0.32,7.39,6.41
0.31,7.43,6.43
-0.35,7.48,6.20
-0.55,7.59,6.19
-0.73,7.48,6.09
-0.77,7.55,6.15
-0.98,7.49,6.14
-1.12,7.33,6.44
-1.23,7.26,6.32
-0.98,7.33,6.36
-0.98,7.37,6.38
-0.85,7.32,6.36
-0.84,7.23,6.59
-0.90,7.21,6.63
-1.01,7.06,6.53
-1.00,6.86,6.89
-1.13,6.79,6.94
-1.61,6.84,6.85
-1.61,7.23,6.49
-1.56,7.19,6.36
-1.41,7.24,6.47
-1.59,7.27,6.40
-1.67,7.23,6.32
-1.42,7.13,6.52
-1.38,7.23,6.53
-1.44,6.94,6.83
-1.54,6.64,6.87
-1.45,6.35,7.42
-1.50,5.99,7.86
-1.47,6.05,7.77
-1.29,6.37,7.42
-1.09,6.80,6.95
-1.07,6.81,6.95
-0.80,7.47,6.20
-0.81,7.44,6.23
-0.82,7.44,6.23
-0.81,7.44,6.24
-0.81,7.44,6.23
-0.81,7.44,6.24
-0.81,7.44,6.24
-0.82,7.44,6.24
-0.81,7.44,6.24
-0.81,7.44,6.23
-0.76,7.55,6.10
-0.74,7.59,6.07
-0.89,7.25,6.45
-0.83,7.38,6.30
-0.78,7.55,6.11
-0.78,7.51,6.16
-0.89,7.27,6.42
-0.81,7.46,6.21
-0.82,7.45,6.22
-0.81,7.45,6.22
-0.82,7.45,6.22
-0.81,7.45,6.22
-0.82,7.45,6.23
-0.82,7.45,6.22
-0.82,7.45,6.22
-0.82,7.45,6.22
-0.81,7.45,6.22
-0.81,7.45,6.22
-0.82,7.45,6.23
-0.81,7.45,6.22
-0.82,7.45,6.23
-0.82,7.45,6.23
-0.81,7.45,6.23
-0.81,7.45,6.22
-0.82,7.45,6.22
-0.81,7.45,6.23
-0.82,7.45,6.22
-0.81,7.45,6.23
-0.82,7.45,6.22
-0.83,7.45,6.22
-0.82,7.45,6.22
-0.83,7.45,6.22
-0.82,7.45,6.22
-0.82,7.45,6.22
-0.82,7.45,6.22
-0.82,7.45,6.23
-0.82,7.45,6.22
-0.79,7.54,6.12
-0.62,7.91,5.69
-0.53,8.14,5.41
-0.69,7.82,5.79
-0.59,8.05,5.53
-0.76,7.74,5.87
-0.70,8.13,5.42
-0.75,8.11,5.46
-0.56,8.68,4.76
-0.83,8.44,4.98
-0.74,8.27,5.13
-0.81,8.24,5.26
-1.16,7.74,5.82
-1.47,7.72,5.82
-1.64,7.42,6.24
-1.46,7.72,5.85
-1.44,7.64,5.82
-1.53,7.59,5.92
-1.54,7.73,5.92
-1.69,7.90,5.46
-1.35,8.02,5.30
-1.46,8.02,5.58
-2.06,7.77,5.52
-1.93,7.53,5.89
-1.73,7.82,5.62
-1.66,8.01,5.51
-1.73,8.07,5.29
-1.17,7.96,5.69
-0.98,7.18,6.39
-0.83,7.21,6.67
0.13,6.87,6.87
0.43,6.91,7.01
0.48,6.86,6.99
-0.00,7.06,6.93
0.14,6.95,6.92
0.16,6.89,6.83
0.13,7.08,7.01
-0.29,6.98,6.72
-0.49,7.12,6.77
-0.55,7.06,6.72
-0.62,6.87,6.89
-0.66,6.87,6.83
-0.91,6.75,7.01
-1.68,6.23,7.64
-1.50,6.83,6.80
-1.27,6.98,7.01
-0.95,7.17,6.34
-0.94,7.21,6.32
-0.76,7.73,6.01
-0.74,7.62,6.12
-0.80,7.59,6.05
-0.57,7.66,5.97
-0.82,7.54,6.17
-1.05,7.22,6.46
-1.12,7.21,6.45
-1.38,6.84,6.82
-1.56,6.24,7.55
-1.37,6.56,7.17
-1.27,6.84,6.88
-1.19,7.07,6.62
-1.48,6.46,7.27
-1.28,6.86,6.85
-1.44,6.43,7.30
-1.30,6.75,6.96
-1.26,6.85,6.88
-0.97,7.56,6.07
-1.18,7.07,6.63
-1.09,7.27,6.40
-1.05,7.39,6.27
-1.05,7.39,6.27
-1.04,7.39,6.27
-1.04,7.39,6.26
-1.04,7.39,6.27
-1.04,7.38,6.27
-1.05,7.39,6.26
-1.04,7.39,6.27
-1.04,7.39,6.26
-1.05,7.39,6.26
-1.05,7.39,6.27
-1.04,7.39,6.27
-1.04,7.39,6.27
-1.04,7.39,6.27
-1.05,7.39,6.26
-1.04,7.39,6.26
-1.05,7.39,6.26
-1.04,7.39,6.27
-1.05,7.39,6.26
-1.05,7.39,6.27
-1.04,7.39,6.27
-1.04,7.39,6.27
-1.04,7.39,6.26
-1.05,7.39,6.26
-1.05,7.39,6.27
-1.05,7.39,6.27
-1.05,7.39,6.26
-1.05,7.39,6.27
-1.04,7.39,6.26
-1.04,7.39,6.26
-1.04,7.39,6.26
-1.04,7.39,6.26
-1.04,7.39,6.27
-1.05,7.39,6.27
-1.04,7.39,6.27
-1.04,7.39,6.27
-1.05,7.39,6.27
-1.05,7.39,6.27
-1.05,7.39,6.27
-1.05,7.39,6.27
-1.05,7.39,6.27
-1.05,7.39,6.26
-1.05,7.39,6.27
-1.05,7.39,6.27
-1.04,7.39,6.27
-1.05,7.39,6.27
-1.05,7.39,6.27
-1.05,7.39,6.27
-1.05,7.39,6.26
-1.05,7.39,6.26
-1.04,7.39,6.27
-1.05,7.39,6.27
-1.05,7.39,6.27
-1.05,7.39,6.27
-1.05,7.39,6.26
-1.05,7.39,6.27
-1.05,7.39,6.27
-1.04,7.39,6.27
-1.04,7.39,6.27
-1.05,7.39,6.26
-1.04,7.39,6.27
-1.04,7.39,6.26
-1.04,7.39,6.26
-1.05,7.39,6.26
-1.04,7.39,6.27
-1.05,7.39,6.27
-1.05,7.39,6.26
-1.05,7.39,6.26
-1.07,7.39,6.27
-1.06,7.39,6.27
-1.07,7.39,6.26
-1.07,7.39,6.27
-1.07,7.39,6.26
-1.07,7.39,6.26
-1.06,7.39,6.27
-1.07,7.39,6.26
-1.06,7.39,6.27
-1.07,7.39,6.26
-1.07,7.39,6.27
-1.06,7.39,6.27
-1.06,7.39,6.27
-1.06,7.39,6.26
-1.06,7.39,6.26
-1.07,7.39,6.26
-1.06,7.39,6.27
-1.06,7.39,6.26
-1.06,7.39,6.27
-1.08,7.39,6.26
-1.07,7.39,6.27
-1.07,7.39,6.27
-1.07,7.39,6.27
-1.06,7.39,6.27
-1.06,7.39,6.26
-1.06,7.39,6.26
-1.06,7.39,6.27
-1.07,7.39,6.26
-1.06,7.39,6.27
-1.06,7.39,6.27
-1.07,7.39,6.27
-1.06,7.39,6.27
-1.07,7.39,6.27
-1.07,7.39,6.27
-1.07,7.39,6.27
-1.07,7.39,6.26
-1.02,7.49,6.14
-0.86,7.86,5.74
-0.78,8.03,5.54
-0.75,8.19,5.34
-0.76,8.15,5.43
-0.74,8.27,5.26
-0.69,8.26,5.18
-0.91,7.65,5.97
-0.78,7.64,5.97
-0.70,8.10,5.51
-1.16,7.65,6.03
-1.18,7.97,5.53
-0.97,7.55,6.07
-1.01,6.93,6.71
-1.38,5.89,7.99
-1.33,6.35,7.41
-1.55,6.05,7.78
-1.68,5.90,7.93
-1.35,6.63,7.09
-1.06,7.38,6.27
-1.05,7.40,6.27
-1.05,7.40,6.26
-1.05,7.39,6.26
-1.05,7.39,6.26
-1.05,7.40,6.26
-1.05,7.40,6.26
-1.05,7.40,6.26
-1.05,7.40,6.26
-1.04,7.40,6.26
-1.04,7.40,6.26
-1.04,7.40,6.26
-1.05,7.39,6.26
-1.04,7.40,6.26
-1.04,7.40,6.26
-1.04,7.40,6.26
-1.04,7.40,6.26
-1.04,7.40,6.26
-1.04,7.40,6.26
-1.04,7.40,6.26
-1.04,7.40,6.26
-1.05,7.39,6.26
-1.05,7.40,6.26
-1.04,7.40,6.26
-1.05,7.39,6.26
-1.05,7.40,6.26
-1.04,7.40,6.26
-1.05,7.40,6.26
-1.05,7.40,6.26
-1.04,7.40,6.26
-1.04,7.40,6.26
-1.04,7.40,6.26
-1.04,7.40,6.26
-1.05,7.40,6.26
-1.05,7.40,6.26
-1.05,7.40,6.26
-1.04,7.40,6.27
-1.04,7.40,6.26
-1.05,7.40,6.26
-1.04,7.39,6.26
-1.05,7.40,6.26
-1.05,7.40,6.26
-1.05,7.40,6.26
-1.05,7.39,6.26
-1.05,7.40,6.26
-1.05,7.39,6.26
-1.05,7.40,6.26
-1.04,7.40,6.26
-1.04,7.40,6.26
-1.03,7.40,6.26
-1.03,7.40,6.26
-1.03,7.40,6.26
-1.03,7.40,6.26
-1.03,7.40,6.26
-1.03,7.40,6.26
-1.03,7.40,6.26
-1.02,7.39,6.26
-1.03,7.40,6.26
-1.03,7.40,6.26
-1.03,7.40,6.26
-1.03,7.39,6.26
-1.03,7.40,6.26
-1.02,7.40,6.26
-1.03,7.39,6.27
-1.03,7.40,6.27
-1.03,7.40,6.27
-1.04,7.40,6.26
-1.03,7.39,6.27
-1.04,7.39,6.26
-1.03,7.39,6.26
-1.03,7.40,6.26
-1.03,7.39,6.26
-1.04,7.39,6.26
-1.03,7.40,6.26
-1.03,7.39,6.26
-1.03,7.39,6.26
-1.04,7.39,6.26
-1.03,7.40,6.27
-1.03,7.39,6.27
-1.03,7.39,6.26
-1.03,7.39,6.26
-1.03,7.39,6.26
-1.04,7.39,6.26
-1.04,7.39,6.26
-1.03,7.40,6.27
-1.03,7.39,6.26
-1.04,7.39,6.26
-1.04,7.39,6.26
-1.03,7.40,6.26
-1.04,7.39,6.26
-1.03,7.40,6.26
-1.04,7.39,6.26
-1.04,7.40,6.26
-1.03,7.40,6.26
-1.03,7.39,6.26
-1.03,7.39,6.26
-1.03,7.40,6.26
-1.03,7.40,6.26
-1.04,7.39,6.26
-1.03,7.39,6.26
-1.03,7.40,6.26
-1.03,7.39,6.26
-1.03,7.40,6.26
-1.03,7.40,6.26
-1.03,7.39,6.26
-1.03,7.39,6.26
-1.03,7.39,6.26
-1.04,7.40,6.26
-1.04,7.39,6.26
-1.03,7.39,6.26
-1.04,7.40,6.26
-1.03,7.40,6.26
-1.03,7.40,6.26
-1.03,7.40,6.26
-1.03,7.40,6.26
-1.04,7.39,6.26
-1.03,7.40,6.26
-1.03,7.40,6.26
-1.03,7.40,6.26
-1.03,7.40,6.26
-1.04,7.40,6.26
-1.04,7.39,6.26
-1.03,7.39,6.26
-1.03,7.40,6.26
-1.03,7.39,6.26
-1.04,7.40,6.26
-1.03,7.39,6.26
-1.03,7.39,6.26
-1.03,7.40,6.26
-1.03,7.40,6.26
-1.03,7.40,6.26
-1.03,7.40,6.26
-1.04,7.40,6.26
-1.03,7.40,6.26
-1.03,7.40,6.26
-1.03,7.40,6.26
-1.04,7.40,6.26
-1.03,7.40,6.26
-1.04,7.40,6.26
-1.03,7.40,6.26
-1.03,7.40,6.26
-1.03,7.40,6.26
-1.03,7.40,6.26
-1.03,7.40,6.26
-1.04,7.40,6.26
-1.03,7.40,6.26
-1.01,7.45,6.21
-0.61,8.34,5.19
-0.62,8.31,5.19
-0.73,8.07,5.48
-0.71,8.21,5.31
-0.59,8.27,5.21
-0.84,7.84,5.69
-1.32,7.67,5.92
-2.01,7.50,6.06
-2.58,7.02,6.55
-2.59,6.68,6.89
-2.66,7.36,6.03
-2.32,7.45,5.98
-2.66,8.35,4.96
-2.44,7.95,5.25
-0.93,8.29,5.25
-1.25,8.16,5.32
-0.19,7.93,5.70
-0.58,7.91,5.66
-0.85,7.57,6.09
-1.01,7.28,6.43
-1.15,6.91,6.80
-1.32,6.65,7.09
-1.22,6.96,6.73
-1.46,6.20,7.54
-1.42,6.36,7.43
-1.20,6.91,6.82
-1.12,7.01,6.69
-1.11,7.06,6.69
-1.29,6.70,6.99
-1.46,6.43,7.34
-1.10,7.29,6.39
-1.23,6.94,6.76
-1.02,7.46,6.17
-1.05,7.41,6.24
-1.05,7.41,6.23
-1.06,7.41,6.23
-1.06,7.41,6.23
-1.05,7.41,6.24
-1.05,7.41,6.23
-1.05,7.41,6.23
-1.05,7.41,6.24
-1.06,7.41,6.23
-1.05,7.42,6.23
-1.06,7.41,6.24
-1.06,7.41,6.23
-1.06,7.41,6.24
-1.06,7.41,6.23
-1.06,7.41,6.24
-1.05,7.41,6.23
-1.06,7.41,6.23
-1.06,7.41,6.23
-1.06,7.41,6.24
-1.06,7.41,6.24
-1.06,7.41,6.23
-1.06,7.41,6.24
-1.06,7.41,6.25
-1.07,7.41,6.24
-1.07,7.41,6.24
-1.07,7.41,6.23
-1.06,7.41,6.23
-1.06,7.41,6.23
-1.07,7.41,6.23
-0.96,7.62,6.00
-0.75,8.09,5.45
-0.49,8.67,4.77
-0.51,8.55,4.89
-0.44,8.52,4.90
-0.61,8.41,5.23
-0.81,8.06,5.43
-1.18,7.32,6.28
-0.80,7.79,5.82
-0.77,7.58,6.11
-0.98,7.30,6.34
-0.89,7.72,5.84
-0.92,7.91,5.73
-1.01,7.70,5.84
-1.21,7.37,6.21
-0.76,7.35,6.37
-0.70,7.84,5.75
-0.88,7.94,5.63
-0.93,7.70,5.86
-1.14,7.92,5.63
-0.89,7.90,5.62
-0.55,8.30,5.15
-0.72,7.92,5.69
-0.73,7.77,5.88
-0.79,7.39,6.31
-1.07,7.43,6.11
-1.22,7.11,6.30
-1.34,7.29,6.37
-1.39,7.21,6.44
-1.65,6.57,7.10
-1.61,6.48,7.19
-1.50,7.07,6.72
-1.39,6.86,6.65
-1.40,6.95,6.73
-1.38,6.95,6.66
-1.42,7.27,6.39
-1.31,7.49,6.07
-1.18,7.49,6.15
-1.21,7.20,6.30
-1.42,7.10,6.62
-1.37,7.24,6.40
-1.13,7.43,6.15
-1.21,7.39,6.28
-1.24,7.06,6.55
-1.40,7.01,6.58
-1.36,7.02,6.67
-1.45,6.98,6.71
-1.25,7.18,6.44
-0.99,7.68,5.87
-1.58,7.68,5.86
-1.67,7.17,6.53
-0.63,6.92,6.92
1.77,6.76,7.23
2.59,6.88,6.99
1.40,7.60,6.32
0.46,8.04,5.73
-0.44,8.15,5.39
-0.99,8.04,5.47
-1.09,7.95,5.61
-1.29,7.49,6.02
-1.25,7.19,6.49
-1.23,7.17,6.51
-1.07,7.57,6.01
-0.88,8.07,5.50
-0.94,7.76,5.78
-0.23,6.15,7.52
-0.03,6.23,7.48
0.10,6.25,7.44
0.02,6.26,7.42
-0.37,6.35,7.44
-0.18,6.40,7.30
