2020-09-10 08:27:40.866002: LOGGING STARTED
-1.36,7.42,6.02
-1.26,7.47,6.13
-1.26,7.47,6.13
-1.27,7.46,6.12
-1.26,7.46,6.13
-1.27,7.46,6.13
-1.26,7.46,6.13
-1.26,7.46,6.13
-1.26,7.46,6.12
-1.26,7.46,6.13
-1.26,7.46,6.12
-1.26,7.46,6.12
-1.26,7.46,6.13
-1.26,7.46,6.12
-1.26,7.46,6.12
-1.26,7.46,6.12
-1.26,7.46,6.13
-1.26,7.46,6.12
-1.26,7.46,6.13
-1.26,7.46,6.13
-1.26,7.46,6.12
-1.26,7.46,6.13
-1.26,7.46,6.12
-1.26,7.46,6.13
-1.26,7.46,6.12
-1.26,7.46,6.12
-1.26,7.46,6.13
-1.25,7.48,6.10
-1.12,7.76,5.77
-1.36,7.23,6.39
-1.30,7.36,6.24
-1.25,7.48,6.11
-1.25,7.46,6.12
-1.25,7.47,6.12
-1.18,7.61,5.95
-0.90,8.22,5.24
-1.06,7.88,5.61
-1.19,7.65,5.94
-0.78,8.33,5.12
-0.86,8.27,5.15
-0.94,8.20,5.26
-1.19,7.66,5.86
-1.08,7.71,5.83
-1.15,7.76,5.75
-1.31,7.62,5.95
-1.68,7.28,6.34
-2.60,7.19,6.20
-3.01,7.55,5.63
-3.06,7.81,5.29
-2.98,7.91,5.09
-2.95,7.90,5.18
-2.41,7.81,5.46
-2.04,7.87,5.51
-1.70,7.96,5.49
-1.56,7.53,6.02
-1.62,7.48,5.97
-1.82,7.09,6.40
-1.80,7.03,6.52
-1.89,6.80,6.86
-1.78,7.21,6.33
-2.15,6.59,7.11
-2.17,6.42,7.12
-1.94,6.79,6.81
-1.52,7.60,5.88
-1.65,7.42,6.08
-1.61,7.47,6.05
-1.96,6.79,6.80
-1.61,7.43,6.08
-1.57,7.53,5.97
-1.57,7.53,5.98
-1.57,7.53,5.98
-1.57,7.52,5.97
-1.57,7.53,5.97
-1.57,7.53,5.97
-1.57,7.53,5.97
-1.56,7.53,5.98
-1.56,7.53,5.98
-1.56,7.53,5.97
-1.57,7.53,5.98
-1.57,7.53,5.97
-1.57,7.53,5.98
-1.56,7.53,5.98
-1.57,7.53,5.97
-1.57,7.53,5.97
-1.57,7.53,5.98
-1.57,7.53,5.98
-1.57,7.53,5.98
-1.56,7.53,5.98
-1.56,7.53,5.98
-1.57,7.53,5.97
-1.57,7.53,5.98
-1.57,7.53,5.98
-1.56,7.53,5.98
-1.56,7.53,5.97
-1.56,7.53,5.98
-1.56,7.53,5.97
-1.56,7.53,5.98
-1.56,7.53,5.98
-1.56,7.53,5.97
-1.56,7.53,5.98
-1.55,7.53,5.98
-1.55,7.53,5.98
-1.55,7.53,5.98
-1.56,7.53,5.98
-1.55,7.53,5.98
-1.55,7.53,5.98
-1.55,7.53,5.98
-1.56,7.53,5.97
-1.56,7.53,5.98
-1.56,7.53,5.98
-1.56,7.53,5.98
-1.46,7.75,5.72
-1.19,8.32,5.04
-0.95,8.59,4.76
-1.32,7.98,5.47
-1.51,7.39,6.14
-1.54,7.29,6.32
-1.28,7.91,5.58
-1.30,7.83,5.62
-1.66,7.11,6.46
-1.58,7.26,6.31
-1.52,7.44,6.12
-1.49,7.46,6.07
-1.45,7.39,6.17
-1.18,7.87,5.62
-1.16,7.92,5.54
-1.72,6.94,6.69
-1.89,6.51,7.16
-1.68,6.90,6.72
-1.26,7.77,5.74
-1.19,7.95,5.53
-1.70,6.94,6.67
-1.26,7.82,5.69
-1.28,7.80,5.71
-1.35,7.68,5.85
-1.23,7.96,5.49
-1.27,7.90,5.60
-1.28,7.91,5.53
-1.50,7.55,5.98
-1.69,7.21,6.34
-1.75,7.08,6.51
-1.59,7.33,6.22
-1.49,7.53,6.01
-1.35,7.78,5.74
-1.30,7.90,5.54
-1.28,7.93,5.50
-1.27,7.98,5.46
-1.40,7.56,6.01
-1.35,7.17,6.55
-0.94,7.15,6.48
-0.36,7.30,6.53
0.26,7.25,6.74
1.03,7.82,6.01
-0.56,8.25,5.20
-0.66,8.26,5.22
-0.80,8.11,5.46
-1.10,7.96,5.45
-1.29,7.91,5.49
-1.42,8.08,5.44
-1.36,7.94,5.64
-1.33,7.63,5.77
-1.36,7.61,5.97
-1.33,7.55,5.96
-1.37,7.56,6.00
-1.34,7.53,6.07
-1.34,7.49,6.10
-1.46,7.40,5.98
-1.58,7.34,6.31
-1.56,7.29,6.25
-1.47,7.27,6.37
-1.59,6.96,6.55
-2.02,6.56,7.10
-1.88,6.33,7.42
-1.06,6.15,7.58
0.64,6.38,7.68
1.42,6.60,7.41
1.39,7.19,6.70
0.35,7.48,6.23
-0.53,7.84,5.80
-0.79,7.60,6.05
-1.03,7.61,6.06
-0.52,7.48,6.14
-0.59,7.40,6.15
-0.62,7.37,6.26
-0.74,7.40,6.57
-0.85,7.32,6.31
-1.44,7.11,6.43
-3.19,7.16,6.09
-3.16,7.65,5.74
-1.73,7.61,5.86
-1.29,7.55,6.06
-1.29,7.40,6.19
-1.65,7.07,6.43
-2.64,7.02,6.39
-4.31,7.47,5.57
-3.69,7.65,5.59
-0.96,7.45,6.06
-0.72,7.34,6.44
-0.97,7.15,6.56
-1.29,6.72,7.08
-1.87,6.10,7.55
-3.43,6.74,6.49
-3.72,7.27,6.33
-4.24,7.36,5.32
-3.76,7.59,5.55
-3.17,7.74,5.18
-1.99,7.42,6.16
-1.44,7.34,6.19
-1.69,7.38,6.18
-1.74,7.05,6.24
-1.45,6.77,6.51
-1.61,6.19,7.20
-1.45,6.08,7.47
-1.19,6.68,6.94
-1.31,6.16,7.73
-0.23,6.36,7.45
-0.45,6.09,7.77
-1.40,6.66,7.46
-1.80,7.08,6.61
-1.77,6.21,7.53
-1.37,6.79,6.90
-1.09,7.56,6.03
-0.85,8.03,5.53
-1.05,7.93,5.58
-0.96,7.75,5.85
-0.86,7.38,5.55
-1.19,6.83,6.58
-0.95,6.61,7.03
-0.61,6.18,7.59
-0.40,6.33,7.43
-0.86,7.35,7.50
-1.15,6.34,7.40
-0.50,6.24,7.64
-0.04,6.35,7.62
-0.25,6.73,7.17
-0.93,7.16,6.53
-1.42,7.08,6.61
-1.20,7.32,6.30
-1.17,7.21,6.47
-1.16,7.00,6.70
-1.17,7.07,6.62
-1.02,7.46,6.19
-1.10,7.27,6.38
-1.08,7.35,6.31
-1.07,7.39,6.25
-1.07,7.39,6.25
-1.06,7.39,6.26
-1.06,7.39,6.25
-1.06,7.39,6.25
-1.06,7.39,6.25
-1.16,7.25,6.40
-1.19,7.29,6.36
-1.26,7.10,6.55
-0.67,7.48,6.21
-0.98,7.35,6.33
-1.23,7.06,6.62
-0.57,7.52,6.17
-0.54,7.73,5.93
-0.96,7.63,5.98
-1.27,7.89,5.63
-1.30,7.25,6.37
-1.07,6.80,6.93
-1.05,7.22,6.45
-1.14,7.28,6.38
-1.30,7.02,6.66
-1.02,7.30,6.36
-0.90,7.44,6.24
-0.95,7.39,6.27
-0.95,7.61,6.02
-1.14,7.15,6.54
-1.02,7.43,6.20
-1.06,7.30,6.37
-1.06,7.25,6.43
-0.91,7.41,6.26
-0.91,7.45,6.21
-1.04,7.51,6.11
-1.01,7.39,6.27
-0.92,7.54,6.08
-1.02,7.36,6.31
-1.02,7.36,6.30
-1.01,7.36,6.30
-1.01,7.36,6.30
-1.01,7.36,6.30
-1.01,7.36,6.30
-1.01,7.36,6.30
-1.01,7.36,6.29
-1.01,7.36,6.30
-1.02,7.36,6.30
-1.02,7.36,6.30
-1.01,7.36,6.29
-1.03,7.36,6.30
