2020-09-07 18:45:16.111466: LOGGING STARTED
-1.10,7.49,6.11
-1.21,7.49,6.20
-1.20,7.49,6.20
-1.20,7.49,6.20
-1.20,7.49,6.20
-1.21,7.49,6.20
-1.20,7.50,6.20
-1.20,7.50,6.20
-1.20,7.50,6.20
-1.20,7.50,6.19
-1.20,7.50,6.20
-1.20,7.50,6.19
-1.20,7.50,6.20
-1.20,7.50,6.19
-1.20,7.50,6.19
-1.20,7.50,6.20
-1.20,7.50,6.19
-1.20,7.50,6.20
-1.20,7.50,6.19
-1.20,7.50,6.19
-1.20,7.50,6.19
-1.19,7.50,6.19
-1.11,7.68,5.99
-0.95,8.00,5.61
-1.03,7.93,5.68
-1.03,7.88,5.75
-1.00,8.02,5.55
-1.04,8.06,5.54
-1.09,7.89,5.72
-1.01,7.97,5.68
-0.95,8.01,5.59
-1.05,7.79,5.84
-1.00,7.67,6.08
-0.96,7.66,5.94
-1.44,7.34,6.25
-1.61,7.12,6.40
-2.52,7.44,6.28
-3.36,7.65,5.78
-3.39,7.69,5.49
-3.65,7.97,4.92
-3.75,8.18,4.68
-1.90,8.29,5.19
-1.04,8.05,5.50
-1.11,8.03,5.56
-1.08,8.00,5.59
-1.11,7.92,5.76
-1.12,7.83,5.76
-1.17,7.82,5.82
-1.21,7.76,5.86
-1.29,7.49,6.14
-1.26,7.39,6.26
-1.33,7.46,6.37
-1.29,7.40,6.24
-1.27,7.31,6.33
-1.31,7.43,6.31
-1.44,7.30,6.33
-1.36,7.42,6.27
-1.44,7.34,6.35
-1.32,7.46,6.18
-1.40,7.56,6.17
-1.36,7.41,6.12
-1.56,7.47,6.16
-1.78,6.83,6.94
-1.92,6.34,7.32
-1.99,6.26,7.58
-1.78,6.45,7.26
-1.69,6.69,7.08
-1.66,6.63,7.16
-1.41,7.16,6.53
-1.48,7.07,6.65
-1.48,7.05,6.65
-1.20,7.71,5.95
-1.35,7.38,6.29
-1.40,7.25,6.44
-1.30,7.51,6.14
-1.24,7.64,6.01
-0.94,8.31,5.22
-0.85,8.49,5.02
-1.00,8.11,5.46
-0.99,8.07,5.53
-0.92,8.25,5.28
-0.85,8.37,5.15
-0.95,8.08,5.46
-1.16,7.62,6.06
-1.41,7.10,6.73
-1.14,7.84,5.70
-1.01,8.18,5.34
-1.09,8.18,5.43
-1.17,8.09,5.47
-1.28,7.99,5.59
-1.15,7.78,5.58
-1.13,7.86,5.87
-1.28,7.69,5.96
-1.34,7.48,6.18
-1.42,7.58,6.08
-1.30,7.76,6.02
-1.13,7.51,5.82
-1.31,7.73,5.99
-1.33,7.63,5.94
-1.32,7.63,5.95
-1.35,7.55,5.99
-1.31,7.65,6.01
-1.32,7.63,6.02
-1.36,7.67,5.87
-1.35,7.60,6.00
-1.48,7.42,6.24
-1.42,7.52,6.10
-1.46,7.33,6.36
-1.50,7.23,6.43
-1.45,7.26,6.57
-1.53,7.19,6.41
-1.43,7.27,6.53
-1.40,7.42,6.38
-1.33,7.49,6.26
-1.32,7.55,6.17
-1.30,7.58,6.15
-1.34,7.47,6.30
-1.39,7.47,6.12
-1.36,7.31,6.38
-1.28,7.35,6.43
-1.43,7.27,6.39
-1.39,7.24,6.28
-1.43,7.21,6.44
-1.38,7.31,6.26
-1.22,7.39,6.24
-1.29,7.40,6.20
-1.28,7.42,6.16
-1.48,6.85,6.90
-1.99,5.86,7.89
-2.05,5.91,7.97
-1.97,5.99,7.80
-2.01,5.91,7.90
-1.55,6.80,6.94
-1.27,7.46,6.22
-1.26,7.47,6.21
-1.26,7.47,6.20
-1.25,7.47,6.20
-1.26,7.47,6.20
-1.26,7.46,6.20
-1.26,7.47,6.21
-1.26,7.47,6.20
-1.26,7.47,6.21
-1.26,7.47,6.20
-1.26,7.47,6.20
-1.26,7.47,6.21
-1.26,7.47,6.20
-1.25,7.47,6.20
-1.25,7.47,6.20
-1.26,7.47,6.20
-1.25,7.47,6.21
-1.26,7.47,6.20
-1.25,7.47,6.20
-1.25,7.47,6.20
-1.25,7.47,6.21
-1.26,7.47,6.20
-1.25,7.47,6.20
-1.26,7.47,6.20
-1.25,7.47,6.20
-1.25,7.47,6.21
-1.25,7.47,6.21
-1.26,7.47,6.20
-1.25,7.47,6.21
-1.25,7.47,6.20
-1.26,7.47,6.20
-1.25,7.47,6.20
-1.25,7.47,6.20
-1.25,7.47,6.20
-1.25,7.47,6.20
-1.25,7.47,6.20
-1.18,7.62,6.04
-0.79,8.45,5.08
-0.78,8.53,4.97
-0.79,8.39,5.18
-0.93,8.21,5.27
-0.81,8.29,5.31
-0.91,7.97,5.68
-0.80,8.04,5.58
-0.76,8.09,5.51
-0.99,8.00,5.65
-1.05,7.91,5.62
-1.03,7.94,5.74
-1.06,7.87,5.72
-1.10,7.86,5.74
-1.16,7.77,5.91
-1.38,7.36,6.37
-1.41,7.24,6.43
-1.25,7.43,6.20
-1.23,7.30,6.44
-1.25,7.30,6.35
-1.41,7.26,6.54
-1.42,7.22,6.46
-1.42,7.29,6.42
-1.37,7.22,6.49
-1.44,7.18,6.44
-1.44,7.24,6.47
-1.40,7.21,6.48
-1.38,7.27,6.47
-1.44,6.98,6.69
-1.61,6.57,7.22
-1.61,6.71,7.04
-1.66,6.50,7.26
-1.76,6.32,7.47
-1.93,6.14,7.67
-1.63,6.73,6.99
-1.48,7.10,6.61
-1.31,7.47,6.18
-1.30,7.47,6.19
-1.31,7.47,6.19
-1.31,7.48,6.19
-1.31,7.48,6.19
-1.31,7.48,6.19
-1.31,7.48,6.19
-1.31,7.47,6.19
-1.31,7.47,6.19
-1.31,7.48,6.19
-1.31,7.47,6.19
-1.22,7.66,5.98
-1.05,8.03,5.56
-0.82,8.54,4.94
-0.91,8.39,5.14
-0.98,8.18,5.36
-0.99,8.08,5.52
-1.13,7.80,5.86
-1.08,7.81,5.80
-1.12,7.91,5.72
-1.05,7.99,5.56
-1.06,7.92,5.72
-1.08,7.85,5.75
-1.13,7.62,6.02
-1.14,7.43,6.31
-1.19,7.63,6.00
-1.25,7.57,6.12
-1.32,7.34,6.35
-1.16,7.52,6.11
-1.15,7.47,6.27
-0.92,7.34,6.59
-0.90,7.26,6.26
-1.07,7.40,6.31
-1.10,7.37,6.46
-0.93,7.62,6.02
-0.88,7.89,6.09
-1.08,7.56,5.99
-1.10,7.46,6.28
-1.14,7.28,6.38
-0.99,7.39,6.31
-1.22,7.33,6.45
-1.26,7.42,6.04
-0.80,7.84,5.99
-0.68,7.82,5.98
-0.83,7.73,5.83
-1.17,7.36,6.37
-1.23,7.44,6.26
-1.22,7.39,6.24
-1.10,7.38,6.40
-0.96,7.59,6.12
-0.90,7.70,6.02
-0.97,7.70,6.05
-1.02,7.53,6.09
-0.95,7.41,6.39
-0.96,7.44,6.25
-1.15,7.17,6.49
-1.31,6.99,6.85
-1.16,7.19,6.54
-1.21,7.21,6.53
-1.45,6.63,7.16
-1.82,6.09,7.69
-1.35,7.07,6.69
-1.22,7.30,6.43
-1.46,6.85,6.93
-1.31,7.04,6.69
-1.50,6.84,6.94
-1.43,6.97,6.76
-1.33,7.24,6.48
-1.29,7.25,6.49
-1.49,6.74,7.02
-1.36,7.07,6.66
-1.18,7.47,6.22
-1.18,7.48,6.21
-1.18,7.48,6.21
-1.18,7.48,6.20
-1.18,7.48,6.21
-1.17,7.48,6.21
-1.17,7.48,6.21
-1.18,7.48,6.21
-1.17,7.48,6.21
-1.18,7.48,6.21
-1.17,7.48,6.20
-1.17,7.49,6.21
-1.17,7.48,6.20
-1.17,7.48,6.21
-1.18,7.48,6.20
-1.17,7.48,6.21
-1.18,7.48,6.21
-1.17,7.48,6.21
-1.17,7.49,6.21
-1.18,7.48,6.21
-1.17,7.48,6.21
-1.17,7.48,6.21
-1.18,7.48,6.20
-1.17,7.48,6.21
-1.17,7.48,6.21
-1.18,7.48,6.20
-1.17,7.48,6.20
-1.17,7.48,6.21
-1.18,7.48,6.21
-1.17,7.49,6.20
-1.17,7.48,6.20
-1.18,7.48,6.21
-1.18,7.48,6.21
-1.18,7.48,6.21
-1.17,7.48,6.21
-1.18,7.49,6.20
-1.17,7.48,6.21
-1.18,7.48,6.21
-1.17,7.48,6.21
-1.17,7.49,6.21
-1.17,7.49,6.20
-1.18,7.49,6.21
-1.17,7.48,6.21
-1.17,7.48,6.21
-1.17,7.48,6.21
-1.17,7.48,6.21
-1.17,7.48,6.21
-1.17,7.48,6.20
-1.17,7.48,6.21
-1.17,7.48,6.21
-1.17,7.48,6.21
-1.17,7.48,6.21
-1.17,7.48,6.20
-1.17,7.48,6.21
-1.17,7.49,6.21
-1.17,7.48,6.20
-1.17,7.49,6.21
-1.17,7.48,6.20
-1.17,7.48,6.20
-1.17,7.49,6.21
-1.17,7.48,6.20
-1.17,7.49,6.20
-1.17,7.48,6.21
-1.17,7.48,6.21
-1.17,7.48,6.21
-1.17,7.48,6.21
-1.17,7.48,6.21
-1.17,7.48,6.21
-1.17,7.48,6.21
-1.17,7.48,6.20
-1.17,7.48,6.21
-1.17,7.48,6.20
-1.17,7.48,6.21
-1.18,7.49,6.21
-1.17,7.48,6.21
-1.17,7.48,6.21
-1.17,7.48,6.21
-1.18,7.48,6.21
-1.17,7.49,6.21
-1.17,7.48,6.20
-1.17,7.49,6.21
-1.13,7.59,6.09
-0.84,8.18,5.40
-0.71,8.43,5.15
-0.94,7.93,5.69
-1.04,7.66,6.03
-0.98,7.94,5.69
-0.91,8.05,5.57
-0.90,8.10,5.57
-1.08,7.72,5.92
-0.96,7.73,5.92
-0.83,7.97,5.67
-0.67,7.93,5.70
-0.65,7.77,5.89
-0.70,7.78,6.04
-0.74,7.74,5.99
-0.71,7.84,5.91
-0.88,7.78,5.73
-1.03,7.70,5.94
-0.94,7.59,6.20
-1.19,7.23,6.50
-1.20,7.40,6.26
-1.39,7.43,6.23
-1.32,7.37,6.19
-1.35,7.38,6.32
-1.42,7.09,6.63
-1.43,6.95,6.87
-2.01,6.55,7.12
-2.52,6.96,6.55
-3.08,7.16,6.26
-2.91,7.47,5.87
-2.89,7.60,5.67
-2.59,7.69,5.48
-2.01,7.90,5.67
-1.25,7.90,5.99
-0.95,7.50,6.14
-1.12,7.40,6.21
-0.95,7.80,6.04
-0.71,7.79,5.97
-0.57,7.80,5.84
-0.68,7.74,6.11
-0.70,7.61,6.06
-0.67,7.57,6.21
-0.66,7.56,6.19
-0.78,7.62,6.15
-0.69,7.66,5.98
-0.67,7.72,6.08
-0.71,7.63,6.06
-0.88,7.50,6.28
-0.87,7.42,6.30
-0.85,7.46,6.44
-0.85,7.31,6.47
-1.03,7.24,6.70
-0.99,7.23,6.36
-0.92,7.23,6.31
-1.09,7.15,6.38
-1.18,7.25,6.29
-1.22,7.21,6.19
-1.29,6.92,6.54
-1.41,6.67,7.11
-1.46,6.45,7.46
-1.29,7.22,6.69
-1.24,7.11,6.74
-1.27,7.17,6.82
-1.25,7.03,6.89
-1.49,6.66,7.30
-1.43,6.94,6.88
-1.67,6.52,7.21
-1.57,6.89,6.88
-1.54,7.00,6.68
-1.50,7.02,6.69
-1.41,7.27,6.42
-1.45,7.44,6.14
-0.80,8.35,5.28
-0.84,8.49,5.00
-0.77,8.34,5.27
-0.72,8.22,5.40
-0.51,8.23,5.36
-0.65,8.26,5.35
-0.79,8.29,5.30
-0.92,8.15,5.44
-0.94,8.04,5.50
-0.87,8.02,5.67
-1.01,7.84,5.79
-0.98,7.73,5.98
-1.00,7.73,5.90
-0.94,7.73,6.00
-0.98,7.69,5.97
-1.05,7.69,6.04
-0.96,7.65,5.98
-0.85,7.60,6.11
-0.97,7.66,6.09
-1.02,7.64,6.05
-1.06,7.65,6.04
-1.02,7.60,6.03
-1.01,7.63,6.11
-1.00,7.58,6.10
-1.11,7.58,6.05
-1.26,7.63,6.11
-1.14,7.52,6.12
-1.22,7.57,6.16
-1.31,7.48,6.08
-1.25,7.52,6.12
-1.15,7.52,6.22
-1.25,7.60,6.05
-1.19,7.60,6.04
-1.15,7.81,6.19
-1.20,7.48,6.04
-1.43,7.55,5.96
-1.30,7.49,6.01
-1.26,7.62,6.11
-1.05,7.46,6.10
-1.00,7.53,6.20
-0.92,7.46,6.17
-0.95,7.55,6.28
-1.04,7.56,6.06
-1.07,7.69,6.04
-0.94,7.63,5.99
-0.93,7.66,6.06
-1.13,8.03,5.43
-1.32,7.99,5.66
-1.02,7.86,5.79
-0.91,7.72,5.80
-0.98,7.75,5.92
-1.01,7.71,6.00
-1.11,7.75,6.03
-1.02,7.70,5.89
-0.92,7.74,5.93
-1.17,7.65,6.01
-1.35,7.68,5.97
-1.29,7.65,5.94
-1.17,7.66,6.02
-0.98,7.64,6.12
-0.92,7.50,6.13
-1.00,7.53,6.24
-1.07,7.33,6.44
-1.12,7.17,6.51
-0.99,7.26,6.46
-0.97,7.44,6.39
-1.15,7.24,6.48
-0.97,7.26,6.52
-1.02,7.28,6.44
-1.09,7.21,6.52
-1.01,7.27,6.48
-1.01,7.29,6.50
-1.06,7.40,6.27
-1.04,7.40,6.28
-1.05,7.28,6.53
-1.05,7.16,6.44
-1.07,7.19,6.63
-1.13,7.13,6.56
-1.10,7.11,6.55
-1.12,7.19,6.63
-0.93,7.12,6.61
-0.86,7.30,6.48
-1.01,7.30,6.41
-1.01,7.37,6.29
-0.94,7.46,6.25
-1.02,7.22,6.50
-0.88,7.33,6.41
-0.85,7.47,6.24
-0.94,7.45,6.26
-1.11,7.22,6.45
-1.01,7.38,6.33
-1.00,7.49,6.24
-0.99,7.37,6.36
-1.06,7.13,6.53
-0.95,7.33,6.41
-1.03,7.28,6.47
-1.03,7.36,6.30
-1.05,7.41,6.29
-1.12,7.26,6.34
-1.02,7.33,6.40
-1.05,7.34,6.43
-1.12,7.15,6.48
-1.15,7.13,6.62
-1.19,7.19,6.64
-1.20,7.11,6.59
-1.18,7.09,6.64
-1.13,7.12,6.70
-1.17,7.10,6.61
-1.17,7.14,6.63
-1.19,7.10,6.67
-1.24,7.02,6.70
-1.15,7.21,6.60
-1.45,6.53,7.23
-1.24,7.19,6.61
-1.14,7.06,6.52
-1.29,6.74,6.94
-1.27,7.29,6.70
-1.11,7.17,6.63
-1.16,7.16,6.54
-1.34,6.94,6.90
-1.11,7.18,6.59
-1.13,7.17,6.60
-1.16,7.17,6.58
-1.18,7.22,6.62
-1.14,7.15,6.61
-1.11,7.11,6.58
-1.15,7.19,6.64
-1.20,7.20,6.55
-1.71,6.19,7.71
-1.79,6.40,7.46
-1.30,6.76,6.92
-1.13,6.51,7.31
-1.02,7.28,6.48
-0.80,7.65,6.14
-0.48,7.88,5.85
-0.44,7.74,5.94
-0.75,7.38,6.41
-0.80,7.58,6.20
-0.67,7.56,6.09
-0.79,7.32,6.51
-0.79,7.38,6.29
-0.83,7.49,6.21
-0.92,7.31,6.41
-0.93,7.36,6.42
-0.95,7.35,6.48
-0.99,7.10,6.49
-1.00,7.21,6.52
-0.99,7.24,6.54
-0.94,7.27,6.60
-0.99,7.06,6.51
-1.01,6.97,6.88
-1.19,6.62,7.32
-1.07,7.06,6.54
-1.12,7.13,6.62
-1.06,7.16,6.65
-0.83,7.14,6.50
-0.62,7.37,6.36
-0.60,7.38,6.55
-0.82,7.05,6.56
-0.91,7.08,6.62
-0.97,7.19,6.76
-1.03,7.07,6.68
-1.00,7.06,6.62
-1.20,6.91,6.73
-0.93,7.15,6.74
-0.90,7.10,6.70
-0.97,7.08,6.66
-1.03,7.10,6.66
-1.01,7.09,6.64
-0.90,7.07,6.71
-0.94,7.02,6.67
-1.06,6.93,6.89
-1.40,6.18,7.65
-1.18,6.62,7.21
-0.98,7.08,6.65
-0.83,7.17,6.60
-0.82,7.32,6.42
-0.88,7.39,6.34
-0.96,7.39,6.41
-0.93,7.27,6.44
-0.95,7.15,6.62
-0.94,7.24,6.45
-0.99,7.32,6.43
-1.02,7.26,6.64
-1.09,7.03,6.53
-1.02,7.12,6.69
-1.03,7.19,6.55
-0.97,7.23,6.57
-1.01,7.07,6.70
-1.05,7.08,6.68
-1.09,7.09,6.66
-1.12,7.06,6.62
-1.09,7.14,6.69
-0.99,7.10,6.71
-0.92,7.08,6.71
-0.97,7.09,6.70
-1.14,7.19,6.69
-1.24,6.71,7.08
-1.01,7.15,6.76
-1.06,6.92,6.91
-1.10,7.06,6.68
-1.00,7.19,6.80
-1.07,7.08,6.65
-1.00,7.21,6.76
-0.95,7.06,6.63
-0.93,7.24,6.80
-0.99,7.10,6.63
-0.99,7.19,6.70
-1.02,7.10,6.73
-1.20,6.80,7.12
-1.26,7.17,6.62
-1.21,7.17,6.53
-0.96,7.27,6.54
-0.90,7.39,6.37
-0.91,7.32,6.58
-0.93,7.24,6.58
-0.96,7.21,6.58
-1.04,7.23,6.53
-1.02,7.33,6.53
-1.04,7.22,6.47
-1.01,7.37,6.51
-1.09,7.42,6.33
-0.98,7.44,6.38
-0.91,7.43,6.41
-0.85,7.37,6.39
-0.84,7.29,6.25
-0.90,7.57,6.38
-0.97,7.28,6.36
-1.06,7.20,6.70
-1.00,7.27,6.50
-0.82,7.46,6.40
-0.86,7.44,6.34
-0.91,7.35,6.22
-1.00,7.40,6.34
-1.23,7.31,6.44
-1.13,7.33,6.44
-1.07,7.17,6.18
-1.30,7.45,6.37
-1.15,7.45,6.35
-1.17,7.39,6.28
-1.12,7.47,6.19
-1.16,7.50,6.20
-1.25,7.47,6.21
-1.28,7.44,6.21
-1.25,7.40,6.27
-1.23,7.33,6.22
-1.17,7.47,6.34
-1.27,7.38,6.30
-1.32,7.38,6.32
-1.31,7.26,6.35
-1.32,7.63,6.52
-1.35,7.22,6.12
-1.29,7.47,6.30
-1.27,7.41,6.27
-1.25,7.33,6.39
-1.26,7.36,6.37
-1.19,7.33,6.38
-1.34,7.39,6.37
-1.33,7.31,6.30
-1.27,7.45,6.34
-1.25,7.30,6.34
-1.26,7.42,6.43
-1.35,7.40,6.35
-1.34,7.33,6.34
-1.37,7.25,6.46
-1.31,7.24,6.44
-1.20,7.31,6.47
-1.23,7.30,6.41
-1.24,7.33,6.43
-1.26,7.28,6.44
-1.26,7.31,6.39
-1.22,7.37,6.36
-1.28,7.38,6.35
-1.43,7.39,6.25
-1.25,7.50,6.18
-1.18,7.51,6.25
-1.07,7.57,6.12
-1.28,7.29,6.46
-1.20,7.31,6.42
-1.06,7.41,6.44
-1.17,7.35,6.25
-0.99,7.38,6.39
-1.04,7.28,6.43
-1.16,7.25,6.42
-1.22,7.23,6.45
-1.46,7.38,6.23
-1.39,7.56,6.12
-1.30,7.51,6.16
-1.20,7.48,6.23
-1.28,7.40,6.15
-1.20,7.45,6.19
-1.27,7.41,6.33
-1.32,7.33,6.36
-1.39,7.39,6.30
-1.30,7.43,6.28
-1.28,7.28,6.38
-1.36,7.02,6.45
-1.44,7.20,6.59
-1.45,7.22,6.33
-1.43,7.37,6.46
-1.42,7.14,6.49
-1.38,7.11,6.51
-1.47,7.24,6.60
-1.41,7.07,6.50
-1.44,7.25,6.48
-1.45,7.19,6.51
-1.36,7.07,6.50
-1.40,7.17,6.62
-1.28,7.26,6.41
-1.23,7.45,6.21
-1.43,7.26,6.50
-1.44,7.13,6.47
-1.39,7.19,6.45
-1.40,7.39,6.44
-1.30,7.49,6.33
-1.29,7.41,6.23
-1.31,7.38,6.44
-1.18,7.45,6.12
-1.15,7.61,6.29
-1.26,7.45,6.11
-1.12,7.69,6.18
-1.10,7.71,6.06
-1.12,7.57,6.13
-1.12,7.35,6.44
-1.07,7.64,6.08
-1.21,7.52,6.17
-1.40,7.54,6.29
-1.48,7.24,6.48
-1.23,7.47,6.18
-1.25,7.50,6.09
-1.14,7.58,6.29
-1.17,7.61,6.26
-1.15,7.53,6.22
-1.02,7.43,6.19
-1.20,7.24,6.51
-1.32,7.22,6.61
-1.32,7.20,6.66
-1.37,7.13,6.56
-1.29,7.18,6.59
-1.27,7.17,6.55
-1.19,7.16,6.52
-1.21,7.18,6.63
-1.17,7.12,6.61
-0.97,7.28,6.36
-1.09,7.50,6.31
-1.32,7.20,6.47
-1.21,7.36,6.39
-0.97,7.62,6.07
-0.86,7.71,6.05
-0.98,7.30,6.38
-1.51,7.24,6.47
-1.82,7.24,6.30
-1.95,7.26,6.21
-1.55,7.75,5.92
-1.29,7.59,5.97
-1.25,7.59,6.05
-1.11,7.67,5.83
-1.15,7.70,5.94
-1.31,7.68,5.96
-1.44,7.71,5.91
-1.40,7.63,5.89
-1.37,7.71,6.00
-1.40,7.65,5.93
-1.57,7.71,5.91
-1.24,7.59,6.01
-1.26,7.19,6.53
-1.28,7.17,6.55
-1.18,7.35,6.31
-0.96,7.63,6.06
-0.83,7.73,6.00
-1.07,7.68,6.10
-1.19,7.61,5.96
-1.14,7.66,6.02
-1.16,7.63,6.00
-1.10,7.60,6.05
-1.18,7.61,6.02
-1.29,7.58,6.11
-1.27,7.62,5.99
-1.23,7.62,6.12
-1.19,7.55,6.10
-1.17,7.58,6.11
-1.41,7.28,6.35
-1.38,7.24,6.45
-1.25,7.46,6.22
-1.38,7.54,6.18
-1.33,7.38,6.25
-1.31,7.50,6.18
-1.27,7.45,6.17
-1.18,7.48,6.20
-1.24,7.45,6.30
-1.21,7.51,6.15
-1.19,7.59,6.08
-1.12,7.57,6.11
-1.20,7.53,6.11
-1.24,7.54,6.16
-1.26,7.50,6.14
-1.30,7.51,6.17
-1.33,7.35,6.36
-1.21,7.52,6.13
-1.20,7.63,6.04
-1.16,7.58,6.08
-1.22,7.43,6.30
-1.23,7.43,6.16
-1.25,7.33,6.46
-1.25,7.39,6.31
-1.26,7.42,6.16
-1.19,7.58,6.09
-1.05,7.66,6.06
-1.10,7.67,6.00
-1.16,7.53,6.04
-1.14,7.38,6.36
-1.13,7.41,6.41
-1.12,7.42,6.32
-1.25,7.36,6.34
-1.16,7.56,6.12
-1.19,7.54,6.12
-1.29,7.29,6.42
-1.15,7.55,6.10
-1.11,7.67,6.00
-1.10,7.67,6.07
-1.01,7.60,6.09
-1.00,7.59,6.08
-1.05,7.56,6.15
-0.98,7.48,6.19
-1.12,7.18,6.58
-1.00,7.35,6.35
-1.04,7.48,6.09
-1.10,7.65,6.12
-1.08,7.57,6.08
-1.02,7.56,6.17
-1.04,7.55,6.14
-1.11,7.29,6.41
-1.18,7.21,6.59
-1.10,7.27,6.59
-1.06,7.30,6.29
-1.10,7.36,6.40
-1.02,7.42,6.25
-1.07,7.51,6.27
-1.15,7.31,6.37
-1.27,7.23,6.55
-1.21,7.13,6.54
-1.20,7.25,6.53
-1.05,7.44,6.38
-0.84,7.31,6.39
-1.16,7.60,6.13
-1.00,7.75,5.85
-0.92,7.87,5.74
-0.84,7.94,5.76
-0.92,7.85,5.77
-0.94,7.77,6.01
-1.07,7.38,6.23
-1.05,7.66,6.07
-1.04,7.58,6.06
-1.00,7.56,6.16
-0.98,7.54,6.23
-0.98,7.52,6.15
-1.08,7.56,6.20
-1.11,7.34,6.28
-1.16,7.49,6.23
-1.13,7.49,6.20
-1.18,7.48,6.30
-1.09,7.37,6.23
-1.10,7.41,6.27
-1.23,7.49,6.30
-1.14,7.41,6.25
-1.08,7.49,6.23
-1.04,7.57,6.14
-1.02,7.57,6.17
-1.05,7.49,6.18
-1.09,7.52,6.18
-1.20,7.44,6.29
-1.18,7.40,6.23
-1.06,7.47,6.30
-1.05,7.50,6.15
-1.11,7.54,6.21
-1.26,7.53,6.18
-1.20,7.46,6.11
-1.29,7.50,6.20
-1.30,7.38,6.22
-1.30,7.29,6.60
-1.34,7.16,6.45
-1.19,7.43,6.15
-1.27,7.58,6.23
-1.29,7.55,6.20
-1.28,7.47,6.22
-1.22,7.47,6.18
-1.25,7.50,6.20
-1.33,7.38,6.23
-1.26,7.45,6.29
-1.20,7.58,6.19
-1.24,7.47,6.09
-1.27,7.50,6.17
-1.26,7.54,6.23
-1.29,7.46,6.20
-1.17,7.48,6.14
-1.33,7.59,6.16
-1.33,7.32,6.26
-1.50,7.15,6.54
-1.46,7.10,6.58
-1.39,7.27,6.39
-1.15,7.66,6.03
-1.09,7.67,6.02
-1.15,7.70,6.05
-1.19,7.52,5.97
-1.25,7.51,6.21
-1.19,7.57,6.13
-1.18,7.52,6.30
-1.26,7.21,6.36
-1.30,7.41,6.38
-1.31,7.35,6.35
-1.32,7.20,6.39
-1.16,7.56,6.15
-1.24,7.54,6.10
-1.35,7.55,6.00
-1.54,7.37,6.56
-1.46,7.29,6.33
-1.36,7.36,6.27
-1.33,7.38,6.29
-1.22,7.43,6.37
-1.19,7.21,6.49
-1.23,7.26,6.45
-1.09,7.51,6.16
-1.42,7.28,6.41
-1.40,7.39,6.30
-1.31,7.57,6.06
-1.38,7.36,6.29
-1.38,7.43,6.25
-1.37,7.54,6.03
-1.34,7.61,6.02
-1.28,7.61,6.10
-1.28,7.30,6.43
-1.30,7.22,6.58
-1.27,7.19,6.34
-1.35,7.45,6.34
-1.35,7.26,6.44
-1.25,7.39,6.20
-1.21,7.50,6.24
-1.07,7.53,6.17
-1.21,7.27,6.47
-1.12,7.38,6.34
-1.09,7.56,6.08
-1.07,7.56,6.06
-1.08,7.67,6.17
-1.14,7.65,5.95
-1.19,7.64,6.05
-1.08,7.57,6.04
-1.34,7.52,6.13
-1.44,7.42,6.30
-1.20,7.51,6.06
-1.17,7.33,6.43
-1.29,7.25,6.54
-1.51,7.15,6.36
-1.59,7.32,6.51
-1.59,7.10,6.49
-1.68,6.94,6.68
-1.54,7.03,6.85
-1.59,6.83,6.93
-1.33,7.20,6.43
-1.38,7.27,6.45
-1.37,7.30,6.40
-1.28,7.49,6.19
-1.23,7.48,6.12
-1.30,7.59,6.06
-1.30,7.72,5.95
-1.37,7.37,6.23
-1.36,7.49,6.21
-1.23,7.73,6.01
-1.10,7.68,5.79
-1.12,7.78,5.86
-1.21,7.65,6.02
-1.38,7.36,6.33
-1.30,7.54,6.08
-1.39,7.30,6.34
-1.23,7.47,6.30
-1.21,7.36,6.32
-1.40,6.94,6.72
-1.30,7.35,6.31
-1.16,7.73,6.02
-1.20,7.59,6.01
-1.19,7.59,6.12
-1.17,7.60,6.02
-1.12,7.58,6.06
-1.19,7.57,6.03
-1.27,7.68,6.01
-1.27,7.66,5.94
-1.24,7.62,5.95
-1.16,7.75,5.86
-1.10,7.82,5.79
-1.11,7.85,5.84
-1.13,7.73,5.90
-1.17,7.67,6.00
-1.36,7.39,6.26
-1.29,7.52,6.05
-1.32,7.59,6.07
-1.17,7.68,5.97
-1.16,7.68,5.94
-1.12,7.70,6.01
-1.09,7.54,6.02
-1.21,7.38,6.29
-1.17,7.57,6.15
-1.21,7.57,6.09
-1.09,7.72,6.01
-1.23,7.63,6.00
-1.33,7.41,6.24
-1.09,7.63,6.20
-1.04,7.56,6.05
-1.18,7.53,6.13
-1.18,7.52,6.11
-1.36,7.60,6.06
-1.31,7.68,5.92
-1.30,7.66,6.07
-1.16,7.31,6.30
-1.01,7.18,6.47
-0.88,6.95,7.07
-0.49,7.09,6.77
-0.60,7.08,6.62
-0.80,7.20,6.73
-0.81,7.32,6.71
-0.66,7.43,6.27
-0.63,7.51,6.43
-0.75,7.49,6.40
-0.85,7.56,6.36
-1.04,7.47,6.10
-1.23,7.61,6.18
-1.06,7.49,6.14
-1.07,7.78,6.03
-0.99,7.89,5.76
-1.04,7.86,5.82
-1.40,7.81,5.88
-1.72,7.48,6.24
-1.82,7.42,6.22
-1.57,7.66,5.89
-1.49,7.82,5.83
-1.75,7.74,5.66
-2.08,7.51,6.28
-2.55,5.86,7.85
-2.20,5.71,8.17
-1.76,5.81,8.09
-1.14,6.83,6.98
-0.90,7.24,6.60
-0.86,7.06,6.70
-0.93,6.67,7.14
-0.84,6.75,7.07
-0.76,6.81,7.04
-0.82,6.57,7.30
-0.68,6.83,6.99
-0.40,7.51,6.27
-0.40,7.52,6.26
-0.40,7.52,6.26
-0.40,7.52,6.26
-0.40,7.52,6.25
-0.41,7.52,6.26
-0.40,7.52,6.26
-0.40,7.52,6.26
-0.40,7.52,6.26
-0.40,7.52,6.25
-0.29,7.79,5.95
-0.14,8.14,5.53
-0.15,8.20,5.46
-0.30,8.01,5.67
-0.48,7.62,6.12
-0.61,7.18,6.63
-0.77,6.96,6.88
-0.69,7.12,6.70
-0.82,6.81,7.03
-0.68,7.15,6.66
-0.51,7.51,6.25
-0.52,7.52,6.24
-0.51,7.52,6.24
-0.51,7.52,6.25
-0.52,7.52,6.24
-0.52,7.52,6.25
-0.52,7.52,6.25
-0.52,7.52,6.24
-0.52,7.52,6.25
-0.52,7.52,6.24
-0.52,7.52,6.24
-0.52,7.52,6.24
-0.52,7.52,6.25
-0.52,7.52,6.25
-0.52,7.52,6.25
-0.52,7.52,6.25
-0.47,7.63,6.13
-0.24,8.13,5.55
-0.09,8.49,5.12
-0.43,7.78,5.95
-0.73,7.18,6.63
-0.56,7.49,6.28
-0.70,7.26,6.52
-0.55,7.61,6.14
-0.34,8.10,5.59
-0.46,7.80,5.89
-0.80,7.19,6.59
-0.67,7.42,6.37
-0.67,7.46,6.30
-0.48,7.83,5.89
-0.59,7.66,6.06
-0.70,7.39,6.38
-0.63,7.58,6.17
-0.62,7.60,6.15
-0.66,7.48,6.27
-0.65,7.42,6.35
-0.67,7.38,6.39
-0.66,7.36,6.41
-0.98,6.60,7.25
-0.82,6.94,6.86
-0.58,7.48,6.30
-0.37,8.01,5.70
-0.35,8.07,5.60
-0.47,7.79,5.93
-0.37,8.06,5.61
-0.55,7.75,5.98
-0.57,7.75,5.98
-0.57,7.86,5.82
-0.72,7.59,6.14
-0.71,7.63,6.11
-0.69,7.75,5.95
-0.78,7.51,6.23
-1.09,6.78,7.04
-0.94,7.10,6.68
-0.82,7.30,6.47
-0.67,7.55,6.20
-0.43,8.05,5.62
-0.48,7.90,5.79
-0.55,7.75,5.97
-0.61,7.58,6.15
-0.75,7.36,6.43
-0.69,7.50,6.24
-0.81,7.38,6.40
-0.70,7.64,6.07
-0.62,7.79,5.93
-0.69,7.77,5.95
-0.58,7.87,5.81
-0.68,7.61,6.09
-0.77,7.47,6.25
-0.80,7.33,6.42
-1.05,7.00,6.80
-0.98,7.14,6.65
-0.95,7.22,6.55
-0.88,7.42,6.31
-0.77,7.66,6.05
-0.75,7.70,6.02
-0.88,7.44,6.28
-0.81,7.64,6.09
-0.75,7.75,5.95
-0.65,8.01,5.63
-0.67,7.95,5.71
-0.78,7.74,5.96
-0.92,7.48,6.25
-1.02,7.26,6.49
-0.98,7.36,6.39
-0.93,7.50,6.22
-0.95,7.47,6.25
-0.85,7.72,5.97
-0.71,8.04,5.60
-0.83,7.81,5.87
-1.03,7.37,6.35
-1.09,7.28,6.46
-0.97,7.55,6.14
-1.10,7.22,6.52
-1.06,7.34,6.39
-1.06,7.35,6.38
-1.08,7.30,6.43
-0.84,7.82,5.87
-0.98,7.53,6.15
-1.14,7.21,6.55
-0.99,7.52,6.20
-0.96,7.60,6.10
-0.96,7.60,6.11
-0.97,7.60,6.10
-0.96,7.60,6.11
-0.96,7.60,6.10
-0.95,7.60,6.10
-0.95,7.60,6.11
-0.95,7.60,6.10
-0.95,7.60,6.10
-0.95,7.60,6.10
-0.95,7.60,6.10
-0.95,7.60,6.10
-0.95,7.60,6.10
-0.95,7.60,6.10
-0.94,7.60,6.10
-0.95,7.59,6.10
-0.95,7.60,6.10
-0.95,7.60,6.10
-0.95,7.60,6.10
-0.94,7.60,6.10
-0.95,7.60,6.10
-0.95,7.60,6.10
-0.95,7.60,6.10
-0.95,7.60,6.10
-0.95,7.60,6.10
-0.92,7.68,6.02
-0.60,8.34,5.24
-0.64,8.31,5.28
-0.86,7.84,5.81
-1.08,7.42,6.27
-1.18,7.28,6.45
-1.30,6.93,6.82
-1.31,6.98,6.77
-1.07,7.57,6.13
-0.97,7.77,5.90
-0.90,7.92,5.72
-0.88,7.88,5.78
-1.28,7.01,6.74
-1.17,7.30,6.43
-1.05,7.58,6.11
-1.05,7.59,6.10
-1.05,7.59,6.09
-1.04,7.59,6.10
-1.05,7.59,6.10
-1.04,7.59,6.10
-1.03,7.59,6.10
-1.03,7.59,6.09
-1.04,7.59,6.09
-1.00,7.68,6.00
-0.76,8.18,5.43
-0.97,7.78,5.88
-1.27,7.09,6.66
-1.17,7.32,6.39
-1.06,7.61,6.07
-1.06,7.61,6.08
-1.06,7.61,6.07
-1.05,7.61,6.08
-1.06,7.61,6.07
-1.04,7.61,6.07
-1.04,7.61,6.07
-1.04,7.61,6.07
-1.04,7.61,6.08
-1.03,7.61,6.08
-1.04,7.61,6.08
-1.04,7.61,6.07
-0.99,7.73,5.94
-0.71,8.35,5.22
-0.73,8.32,5.23
-0.89,7.95,5.68
-0.91,7.92,5.72
-1.12,7.44,6.27
-1.12,7.37,6.33
-1.28,7.05,6.70
-1.11,7.48,6.22
-0.95,7.79,5.84
-0.95,7.88,5.77
-0.97,7.82,5.84
-0.91,7.99,5.63
-0.96,7.90,5.72
-1.08,7.62,6.06
-1.20,7.35,6.34
-1.09,7.65,6.02
-1.09,7.71,5.94
-1.13,7.67,5.95
-1.25,7.62,6.01
-1.16,7.82,5.80
-1.06,8.04,5.53
-1.02,8.18,5.38
-1.01,8.21,5.33
-1.03,7.99,5.60
-1.16,7.66,5.95
-1.22,7.51,6.06
-1.24,7.48,6.29
-1.25,7.46,6.13
-1.20,7.66,5.97
-1.27,7.53,6.09
-1.34,7.31,6.35
-1.37,7.30,6.35
-1.66,6.68,7.06
-1.61,6.83,6.88
-1.43,7.20,6.49
-1.51,7.03,6.69
-1.42,7.25,6.43
-1.43,7.23,6.47
-1.47,7.19,6.51
-1.43,7.25,6.46
-1.38,7.39,6.27
-1.28,7.59,6.07
-1.23,7.71,5.92
-1.22,7.72,5.89
-1.29,7.53,6.14
-1.34,7.35,6.35
-1.29,7.49,6.17
-1.47,7.14,6.56
-1.55,7.00,6.72
-1.62,6.83,6.87
-1.47,7.19,6.49
-1.35,7.45,6.21
-1.35,7.45,6.21
-1.35,7.45,6.20
-1.35,7.45,6.20
-1.35,7.45,6.20
-1.36,7.45,6.20
-1.35,7.45,6.20
-1.36,7.46,6.20
-1.35,7.45,6.20
-1.35,7.45,6.20
-1.35,7.45,6.20
-1.35,7.46,6.20
-1.36,7.45,6.20
-1.35,7.45,6.20
-1.36,7.45,6.20
-1.36,7.45,6.21
-1.21,7.79,5.81
-0.96,8.30,5.24
-1.07,8.04,5.52
-1.19,7.78,5.84
-1.57,6.98,6.73
-1.66,6.88,6.81
-1.42,7.33,6.34
-1.61,6.93,6.76
-1.57,7.00,6.71
-1.39,7.37,6.27
-1.37,7.44,6.21
-1.37,7.44,6.20
-1.37,7.44,6.20
-1.37,7.45,6.21
-1.37,7.43,6.20
-1.37,7.45,6.21
-1.37,7.44,6.20
-1.39,7.44,6.20
-1.37,7.44,6.21
-1.20,7.85,5.75
-1.00,8.31,5.22
-1.12,7.97,5.59
-1.23,7.76,5.84
-1.41,7.44,6.26
-1.29,7.52,6.06
-1.32,7.57,6.08
-1.28,7.59,6.05
-1.35,7.43,6.22
-1.46,7.27,6.41
-1.42,7.28,6.39
-1.50,7.13,6.55
-1.54,7.06,6.65
-1.33,7.48,6.16
-1.29,7.57,6.05
-1.26,7.66,5.97
-1.20,7.69,5.93
-1.34,7.47,6.17
-1.42,7.26,6.41
-1.35,7.42,6.23
-1.36,7.40,6.28
-1.39,7.34,6.32
-1.47,7.25,6.41
-1.34,7.48,6.16
-1.34,7.47,6.17
-1.37,7.43,6.23
-1.45,7.24,6.43
-1.39,7.38,6.29
-1.36,7.49,6.14
-1.35,7.49,6.17
-1.23,7.66,5.96
-1.26,7.63,5.99
-1.39,7.38,6.30
-1.35,7.38,6.28
-1.40,7.30,6.35
-1.31,7.46,6.20
-1.25,7.69,5.95
-1.23,7.65,5.98
-1.39,7.40,6.25
-1.36,7.47,6.17
-1.35,7.50,6.14
-1.16,7.88,5.73
-1.10,7.97,5.59
-1.04,8.00,5.61
-1.18,7.74,5.88
-1.33,7.45,6.17
-1.38,7.36,6.31
-1.30,7.43,6.27
-1.33,7.39,6.28
-1.33,7.36,6.31
-1.30,7.37,6.34
-1.37,7.37,6.29
-1.49,7.13,6.57
-1.45,7.12,6.58
-1.31,7.40,6.25
-1.41,7.19,6.51
-1.42,7.24,6.47
-1.48,7.08,6.59
-1.42,7.31,6.37
-1.23,7.67,5.96
-1.21,7.74,5.88
-1.29,7.54,6.08
-1.30,7.52,6.14
-1.13,7.88,5.73
-1.05,8.00,5.58
-1.24,7.65,5.97
-1.39,7.47,6.19
-1.36,7.44,6.25
-1.37,7.40,6.23
-1.67,6.81,6.89
-1.57,6.95,6.78
-1.33,7.45,6.21
-1.45,7.10,6.59
-1.53,6.95,6.75
-1.44,7.13,6.57
-1.32,7.43,6.24
-1.29,7.50,6.15
-1.28,7.50,6.16
-1.29,7.50,6.15
-1.29,7.50,6.16
-1.29,7.50,6.15
-1.28,7.50,6.16
-1.17,7.74,5.88
-0.91,8.31,5.22
-1.20,7.70,5.93
-1.52,7.00,6.70
-1.66,6.66,7.08
-1.28,7.48,6.16
-1.29,7.50,6.17
-1.29,7.49,6.16
-1.29,7.50,6.16
-1.29,7.49,6.17
-1.28,7.49,6.16
-1.29,7.49,6.16
-1.29,7.49,6.16
-1.29,7.49,6.16
-1.29,7.49,6.16
-1.28,7.49,6.17
-1.29,7.50,6.17
-1.29,7.49,6.16
-1.28,7.49,6.16
-1.28,7.49,6.17
-1.29,7.49,6.16
-1.29,7.49,6.17
-1.28,7.49,6.16
-1.28,7.49,6.16
-1.28,7.49,6.17
-1.28,7.49,6.16
-1.28,7.49,6.16
-1.28,7.49,6.16
-1.29,7.49,6.16
-1.28,7.49,6.16
-1.29,7.49,6.16
-1.28,7.49,6.16
-1.29,7.49,6.16
-1.29,7.49,6.16
-1.28,7.49,6.16
-1.29,7.49,6.16
-1.28,7.49,6.17
-1.29,7.49,6.16
-1.28,7.49,6.17
-1.29,7.49,6.16
-1.28,7.49,6.16
-1.28,7.49,6.16
-1.28,7.49,6.16
-1.29,7.49,6.16
-1.28,7.49,6.16
-1.29,7.49,6.17
-1.28,7.49,6.16
-1.28,7.49,6.17
-1.28,7.50,6.16
-0.98,8.15,5.41
-0.91,8.30,5.23
-0.96,8.14,5.44
-1.36,7.30,6.38
-1.43,7.19,6.50
-1.36,7.39,6.26
-1.39,7.32,6.36
-1.35,7.45,6.21
-1.13,7.93,5.68
-1.22,7.74,5.87
-1.21,7.73,5.90
-1.10,7.93,5.67
-1.21,7.62,6.03
-1.31,7.32,6.33
-1.68,6.52,7.23
-1.49,6.97,6.75
-1.34,7.30,6.40
-1.21,7.57,6.08
-1.21,7.56,6.10
-1.14,7.71,5.92
-1.02,7.95,5.65
-1.01,7.93,5.68
-1.15,7.72,5.84
-1.13,7.79,5.87
-1.16,7.67,5.96
-1.32,7.40,6.25
-1.20,7.58,6.08
-1.28,7.36,6.34
-1.27,7.34,6.33
-1.26,7.34,6.32
-1.06,7.76,5.83
-1.25,7.52,6.12
-1.30,7.43,6.22
-1.35,7.31,6.34
-1.36,7.18,6.54
-1.34,7.19,6.46
-1.45,6.99,6.69
-1.58,6.67,7.01
-1.82,6.19,7.61
-1.73,6.40,7.32
-1.62,6.59,7.15
-1.85,6.15,7.62
-1.42,7.08,6.62
-1.37,7.18,6.51
-1.37,7.18,6.51
-1.37,7.18,6.51
-1.38,7.18,6.51
-1.37,7.18,6.51
-1.38,7.18,6.51
-1.37,7.18,6.51
-1.37,7.18,6.51
-1.37,7.18,6.51
-1.37,7.18,6.51
-1.37,7.18,6.51
-1.37,7.18,6.51
-1.37,7.18,6.51
-1.37,7.17,6.51
-1.37,7.19,6.51
-1.37,7.17,6.52
-1.37,7.17,6.51
-1.38,7.17,6.52
-1.37,7.19,6.51
-1.37,7.18,6.51
-1.37,7.18,6.52
-1.37,7.18,6.52
-1.37,7.18,6.52
-1.37,7.18,6.52
-1.37,7.17,6.52
-1.38,7.18,6.52
-1.38,7.18,6.53
-1.38,7.18,6.52
-1.23,7.53,6.14
-1.11,7.80,5.83
-1.38,7.15,6.53
-1.38,7.16,6.55
-1.63,6.59,7.15
-1.46,6.96,6.77
-1.49,6.89,6.83
-1.38,7.14,6.55
-1.32,7.27,6.41
-1.19,7.58,6.05
-1.55,6.76,6.97
-1.51,6.86,6.84
-1.37,7.14,6.57
-1.38,7.13,6.57
-1.38,7.13,6.56
-1.37,7.13,6.57
-1.38,7.13,6.56
-1.38,7.13,6.57
-1.38,7.13,6.56
-1.38,7.13,6.56
-1.38,7.13,6.57
-1.38,7.13,6.56
-1.36,7.18,6.51
-1.11,7.74,5.89
-1.21,7.51,6.14
-1.54,6.80,6.91
-1.52,6.82,6.90
-1.63,6.58,7.14
-1.40,7.10,6.60
-1.39,7.10,6.59
-1.39,7.11,6.59
-1.39,7.10,6.59
-1.39,7.11,6.59
-1.37,7.17,6.51
-1.11,7.79,5.82
-1.13,7.75,5.88
-1.29,7.37,6.25
-1.09,7.75,5.93
-1.16,7.58,5.99
-1.18,7.67,5.95
-1.55,6.96,6.72
-1.47,6.92,6.74
-1.62,6.84,6.76
-1.38,7.32,6.41
-1.30,7.41,6.24
-1.15,7.54,6.17
-1.11,7.70,5.89
-1.13,7.73,5.89
-1.22,7.58,6.04
-1.45,7.13,6.57
-1.74,6.45,7.31
-1.80,6.29,7.53
-1.44,7.11,6.59
-1.34,7.25,6.47
-1.39,7.08,6.65
-1.34,7.21,6.47
-1.32,7.06,6.69
-1.22,7.38,6.31
-1.00,8.10,5.56
-1.19,7.53,6.16
-1.50,6.90,6.87
-1.29,7.32,6.42
-1.24,7.46,6.22
-1.12,7.46,6.21
-1.26,7.41,6.35
-1.36,7.24,6.48
-1.60,6.87,6.84
-1.44,6.97,6.71
-1.38,7.19,6.50
-1.24,7.40,6.30
-1.64,6.43,7.35
-1.38,7.04,6.67
-1.30,7.26,6.45
-1.33,7.17,6.54
-1.41,7.03,6.68
-1.21,7.52,6.15
-1.22,7.48,6.18
-1.23,7.49,6.18
-1.22,7.48,6.18
-1.23,7.49,6.18
-1.22,7.48,6.18
-1.22,7.49,6.19
-1.22,7.48,6.18
-1.22,7.48,6.18
-1.22,7.48,6.19
-1.22,7.48,6.18
-1.23,7.49,6.19
-1.22,7.49,6.18
-1.22,7.49,6.18
-1.22,7.48,6.18
-1.22,7.49,6.19
-1.22,7.48,6.19
-1.22,7.48,6.20
-1.22,7.48,6.20
-1.22,7.48,6.20
-1.23,7.48,6.19
-1.23,7.48,6.19
-1.23,7.47,6.20
-1.23,7.48,6.20
-1.23,7.48,6.20
-1.23,7.48,6.20
-1.23,7.48,6.20
-1.24,7.48,6.20
-1.23,7.48,6.19
-1.24,7.48,6.19
-1.23,7.48,6.19
-1.24,7.48,6.19
-1.23,7.48,6.19
-1.24,7.48,6.19
-1.23,7.48,6.19
-1.24,7.48,6.19
-1.24,7.47,6.19
-1.24,7.48,6.19
-1.24,7.47,6.19
-1.24,7.48,6.19
-1.24,7.48,6.19
-1.24,7.48,6.19
-1.24,7.48,6.19
-1.24,7.47,6.19
-1.23,7.48,6.19
-1.24,7.47,6.19
-1.23,7.48,6.19
-1.24,7.48,6.19
-1.24,7.48,6.19
-1.24,7.47,6.19
-1.24,7.48,6.19
-1.24,7.48,6.19
-1.24,7.48,6.18
-1.24,7.48,6.18
-1.24,7.48,6.18
-1.23,7.48,6.18
-1.24,7.48,6.18
-1.23,7.48,6.18
-1.23,7.48,6.18
-1.23,7.48,6.18
-1.17,7.62,6.03
-1.07,7.85,5.77
-1.40,7.10,6.59
-1.23,7.51,6.15
-1.01,8.00,5.59
-0.75,8.57,4.91
-0.82,8.39,5.16
-0.74,8.55,4.97
-0.86,8.39,5.13
-0.93,8.23,5.30
-1.06,7.74,5.90
-1.18,7.53,6.14
-1.11,7.82,5.75
-1.02,7.94,5.70
-1.11,7.81,5.75
-1.19,7.81,5.86
-1.26,7.73,5.86
-1.17,7.71,5.89
-1.21,7.70,5.91
-1.25,7.73,5.91
-1.20,7.75,5.80
-1.21,7.80,5.87
-1.40,7.59,6.02
-1.17,7.51,6.13
-1.21,7.75,5.96
-1.08,7.73,5.81
-1.34,7.40,6.28
-1.25,7.38,6.25
-0.93,7.77,5.88
-1.06,7.56,6.18
-1.29,7.57,6.02
-1.24,7.60,6.10
-1.00,7.51,6.23
-0.90,7.47,6.24
-0.88,7.33,6.50
-0.82,7.28,6.48
-0.88,7.47,6.23
-0.95,7.51,6.30
-1.08,7.19,6.37
-1.15,7.38,6.39
-1.18,7.39,6.34
-1.20,7.49,6.14
-1.22,7.66,6.05
-1.14,7.55,6.07
-1.15,7.54,6.12
-1.12,7.48,6.19
-1.19,7.39,6.30
-1.21,7.43,6.22
-1.25,7.45,6.26
-1.23,7.44,6.31
-1.22,7.44,6.29
-1.17,7.49,6.07
-0.95,7.61,6.12
-0.99,7.53,6.06
-1.18,7.48,6.26
-1.33,7.52,6.15
-1.41,7.53,6.10
-1.35,7.51,6.04
-1.32,7.54,6.14
-1.18,7.41,6.12
-1.19,7.52,6.29
-1.31,7.48,6.16
-1.29,7.51,6.16
-1.31,7.50,6.16
-1.16,7.57,6.15
-1.25,7.47,6.18
-1.37,7.19,6.38
-1.22,7.37,6.35
-1.68,6.34,7.45
-2.54,4.71,9.15
-2.52,4.79,9.05
-2.01,5.93,7.84
-1.77,6.37,7.37
-1.39,7.22,6.46
-1.28,7.46,6.20
-1.28,7.46,6.19
-1.28,7.46,6.19
-1.28,7.46,6.19
-1.29,7.46,6.18
-1.28,7.46,6.19
-1.28,7.46,6.19
-1.28,7.46,6.18
-1.28,7.46,6.19
-1.27,7.46,6.19
-1.28,7.46,6.18
-1.28,7.46,6.19
-1.27,7.46,6.19
-1.28,7.47,6.19
-1.28,7.47,6.18
-1.28,7.47,6.19
-1.28,7.47,6.19
-1.28,7.47,6.18
-1.28,7.47,6.19
-1.28,7.47,6.19
-1.28,7.47,6.18
-1.28,7.47,6.18
-1.28,7.47,6.18
-1.28,7.47,6.19
-1.28,7.47,6.19
-1.28,7.47,6.19
-1.28,7.47,6.19
-1.27,7.47,6.19
-1.28,7.47,6.19
-1.24,7.57,6.08
-0.84,8.39,5.14
-0.64,8.85,4.59
-0.79,8.55,4.98
-0.87,8.40,5.17
-0.81,8.25,5.26
-0.83,8.20,5.30
-0.96,8.13,5.47
-1.03,7.98,5.65
-1.13,7.81,5.75
-1.15,7.77,5.80
-1.09,7.80,5.88
-1.02,7.69,5.94
-0.99,7.72,6.05
-1.05,7.50,6.13
-1.09,7.43,6.23
-1.39,7.26,6.42
-1.52,7.29,6.34
-1.53,7.41,6.15
-1.61,7.23,6.49
-1.52,7.05,6.53
-1.54,7.02,6.73
-1.76,6.67,7.05
-1.89,6.19,7.57
-1.44,7.01,6.68
-1.62,6.80,6.95
-1.80,6.54,7.22
-1.66,6.66,7.05
-1.54,7.06,6.64
-1.49,7.12,6.53
-1.75,6.54,7.19
-1.47,7.16,6.53
-1.41,7.28,6.39
-1.33,7.47,6.17
-1.33,7.48,6.17
-1.19,7.82,5.77
-1.39,7.32,6.34
-1.40,7.31,6.36
-1.33,7.48,6.16
-1.32,7.48,6.17
-1.33,7.48,6.16
-1.32,7.48,6.17
-1.32,7.48,6.16
-1.32,7.48,6.16
-1.32,7.48,6.16
-1.32,7.48,6.16
-1.32,7.49,6.14
-1.17,7.83,5.78
-1.14,7.89,5.70
-1.15,7.87,5.72
-1.14,7.94,5.64
-1.01,8.14,5.37
-1.07,8.00,5.61
-1.05,8.02,5.56
-1.00,8.07,5.46
-1.27,7.45,6.19
-1.31,7.43,6.24
-1.25,7.44,6.25
-1.40,7.06,6.63
-1.40,7.10,6.63
-1.26,7.33,6.35
-1.30,7.23,6.47
-1.33,7.12,6.60
-1.53,6.79,6.95
-1.28,7.38,6.28
-1.16,7.64,6.00
-1.07,7.86,5.76
-1.10,7.81,5.80
-1.06,7.99,5.58
-1.08,7.88,5.74
-1.31,7.40,6.26
-1.14,7.80,5.82
-1.34,7.62,6.02
-1.11,7.82,5.75
-1.33,7.65,5.92
-1.29,7.55,6.07
-1.35,7.39,6.34
-1.38,7.23,6.41
-1.24,7.42,6.29
-1.32,7.41,6.19
-1.31,7.39,6.25
-1.26,7.38,6.31
-1.24,7.34,6.33
-1.23,7.31,6.41
-1.09,7.79,5.86
-1.34,7.35,6.32
-1.47,6.86,6.90
-1.62,6.36,7.44
-1.55,6.56,7.19
-1.35,7.07,6.65
-1.30,7.09,6.66
-1.26,7.17,6.53
-1.13,7.47,6.23
-1.14,7.47,6.22
-1.13,7.46,6.22
-1.14,7.46,6.22
-1.14,7.46,6.22
-1.13,7.46,6.22
-1.13,7.46,6.22
-1.15,7.46,6.22
-1.14,7.46,6.22
-1.13,7.46,6.23
-1.13,7.46,6.23
-1.13,7.46,6.22
-1.13,7.46,6.22
-1.13,7.46,6.23
-1.13,7.46,6.22
-1.13,7.47,6.23
-1.13,7.46,6.22
-1.13,7.46,6.23
-1.13,7.46,6.22
-1.13,7.46,6.23
-1.13,7.46,6.22
-1.13,7.47,6.22
-1.13,7.47,6.22
-1.13,7.46,6.22
-1.13,7.46,6.22
-1.13,7.46,6.22
-1.14,7.46,6.23
-1.13,7.46,6.22
-1.13,7.46,6.23
-1.13,7.46,6.22
-1.13,7.46,6.22
-1.13,7.46,6.22
-1.13,7.46,6.22
-1.14,7.46,6.22
-1.13,7.47,6.22
-1.13,7.46,6.22
-1.14,7.46,6.23
-1.13,7.46,6.22
-1.13,7.46,6.22
-1.14,7.46,6.22
-1.14,7.46,6.22
-1.13,7.46,6.23
-1.13,7.46,6.22
-1.13,7.46,6.23
-1.13,7.46,6.22
-1.14,7.46,6.22
-1.13,7.46,6.23
-1.13,7.47,6.23
-1.13,7.46,6.22
-1.14,7.46,6.22
-1.13,7.46,6.23
-1.13,7.47,6.23
-1.13,7.47,6.22
-1.13,7.46,6.22
-1.13,7.46,6.22
-1.14,7.46,6.22
-1.13,7.46,6.22
-1.13,7.46,6.23
-1.13,7.46,6.22
-1.13,7.46,6.23
-1.13,7.46,6.23
-1.14,7.47,6.22
-0.99,7.75,5.91
-0.95,7.82,5.81
-1.01,7.72,5.94
-0.90,7.94,5.67
-0.83,8.10,5.49
-0.78,8.11,5.53
-0.83,8.10,5.50
-0.98,7.85,5.81
-1.01,7.72,5.96
-1.05,7.67,5.97
-1.20,7.80,5.75
-1.11,7.82,5.79
-0.97,7.60,6.10
-0.86,7.81,5.80
-0.88,8.00,5.63
-0.88,7.84,5.89
-1.04,7.78,5.79
-1.02,7.66,6.05
-0.91,7.92,5.79
-0.92,7.92,5.52
-1.20,7.71,6.00
-1.21,7.71,5.91
-1.09,7.69,5.93
-1.20,7.41,6.18
-1.30,7.50,6.25
-1.14,7.42,6.34
-1.21,7.30,6.23
-0.99,7.77,6.08
-1.05,7.55,5.95
-1.16,7.31,6.48
-0.96,7.42,6.36
-1.14,7.29,6.38
-0.88,7.45,6.24
-0.79,7.63,6.13
-1.10,7.55,5.96
-1.12,7.66,6.19
-0.99,7.71,5.91
-1.12,7.59,5.93
-0.98,7.48,6.33
-0.90,7.47,6.24
-0.93,7.50,6.27
-0.94,7.39,6.25
-1.06,7.52,6.24
-1.21,7.62,5.91
-1.24,7.80,5.89
-1.13,7.62,5.99
-1.14,7.37,6.34
-0.94,7.39,6.30
-1.15,7.12,6.75
-1.22,7.21,6.46
-1.47,7.47,6.16
-1.13,7.40,6.29
-1.05,7.40,6.31
-1.07,7.46,6.29
-1.19,7.55,6.18
-1.16,7.44,6.21
-1.35,7.42,6.34
-1.29,7.19,6.46
-1.36,7.28,6.44
-1.42,7.20,6.45
-1.20,7.25,6.52
-1.14,7.12,6.68
-1.14,6.90,6.84
-1.23,7.10,6.57
-1.25,7.26,6.48
-1.39,6.90,6.88
-1.26,6.90,6.85
-1.36,6.80,7.00
-1.94,6.04,7.76
-1.32,7.31,6.34
-1.19,7.66,5.96
-1.26,7.56,6.09
-1.27,7.46,6.17
-1.08,7.66,6.07
-1.14,7.72,5.83
-1.12,7.71,5.94
-1.24,7.59,6.07
-1.29,7.56,6.05
-1.30,7.38,6.23
-1.43,7.05,6.69
-1.44,7.30,6.36
-1.39,7.59,6.02
-1.40,7.59,6.04
-1.41,7.41,6.22
-1.40,7.39,6.24
-1.43,7.35,6.38
-1.34,7.57,5.98
-1.13,7.80,5.80
-1.19,7.71,5.95
-1.17,7.47,6.20
-1.39,7.16,6.51
-1.61,6.85,6.88
-1.24,7.60,6.03
-1.22,7.63,6.00
-1.23,7.63,6.00
-1.22,7.63,6.00
-1.22,7.63,6.00
-1.22,7.63,6.00
-1.22,7.63,6.00
-1.23,7.63,6.00
-1.23,7.63,6.00
-1.22,7.63,6.00
-1.23,7.63,6.00
-1.22,7.63,6.00
-1.23,7.63,6.00
-1.22,7.63,6.00
-1.23,7.64,6.00
-1.05,7.92,5.68
-0.87,7.97,5.64
-1.44,7.24,6.42
-1.48,7.33,6.31
-1.28,7.60,6.03
-1.02,7.96,5.63
-1.19,7.74,5.88
-1.37,7.62,5.98
-1.24,7.92,5.64
-1.38,7.75,5.82
-1.38,7.93,5.61
-1.23,8.25,5.25
-0.61,8.46,5.09
-0.45,8.05,5.66
-0.48,7.63,6.11
-0.83,7.28,6.45
-0.78,7.29,6.48
-1.12,7.26,6.54
-0.98,7.32,6.45
-1.22,7.62,6.08
-0.92,7.60,5.98
-0.23,7.58,6.21
0.02,7.40,6.48
-0.54,7.26,6.55
-0.98,7.14,6.64
-0.90,7.48,6.26
-0.88,7.73,5.91
-0.99,7.85,5.80
-1.22,7.42,6.30
-1.48,6.86,6.80
-1.37,7.00,6.81
-1.47,6.86,6.89
-1.30,7.17,6.56
-1.28,7.16,6.58
-1.18,7.44,6.24
-1.20,7.46,6.23
-1.29,7.25,6.45
-1.58,6.61,7.14
-1.38,7.05,6.67
-1.22,7.46,6.22
-1.22,7.47,6.21
-1.22,7.47,6.20
-1.22,7.47,6.20
-1.21,7.47,6.20
-1.21,7.47,6.21
-1.21,7.47,6.20
-1.21,7.47,6.20
-1.21,7.47,6.21
-1.21,7.47,6.21
-1.21,7.47,6.21
-1.21,7.47,6.21
-1.21,7.47,6.20
-1.21,7.47,6.21
-1.21,7.47,6.21
-1.21,7.47,6.20
-1.21,7.47,6.21
-1.21,7.47,6.20
-1.21,7.47,6.20
-1.21,7.47,6.21
-1.21,7.47,6.21
-1.21,7.47,6.20
-1.20,7.47,6.21
-1.21,7.47,6.20
-1.21,7.47,6.21
-1.21,7.47,6.20
-1.21,7.47,6.21
-1.21,7.47,6.21
-1.21,7.47,6.21
-1.21,7.47,6.20
-1.21,7.47,6.21
-1.21,7.47,6.21
-1.21,7.47,6.20
-1.21,7.47,6.20
-1.21,7.47,6.20
-1.21,7.47,6.20
-1.21,7.47,6.20
-1.21,7.47,6.21
-1.21,7.47,6.21
-1.22,7.47,6.20
-1.21,7.47,6.21
-1.21,7.47,6.20
-1.08,7.77,5.89
-0.87,8.21,5.36
-1.09,7.72,5.92
-1.13,7.67,5.98
-1.39,7.07,6.64
-1.26,7.35,6.35
-1.17,7.59,6.06
-1.26,7.33,6.38
-1.22,7.41,6.26
-1.30,7.24,6.47
-1.23,7.34,6.34
-1.37,6.99,6.73
-1.18,7.48,6.21
-1.18,7.46,6.22
-1.18,7.46,6.22
-1.18,7.46,6.21
-1.19,7.46,6.22
-1.19,7.46,6.21
-1.18,7.46,6.22
-1.18,7.46,6.22
-1.18,7.46,6.21
-1.18,7.46,6.22
-1.18,7.46,6.22
-1.19,7.46,6.21
-1.18,7.46,6.22
-1.18,7.46,6.22
-1.18,7.46,6.21
-1.18,7.46,6.21
-1.19,7.46,6.22
-1.19,7.46,6.22
-1.19,7.47,6.22
-1.18,7.46,6.22
-1.18,7.46,6.21
-1.18,7.46,6.22
-1.18,7.46,6.21
-1.19,7.46,6.21
-1.19,7.47,6.22
-1.19,7.46,6.22
-1.19,7.46,6.22
-1.19,7.47,6.22
-1.18,7.46,6.22
-1.19,7.46,6.21
-1.18,7.46,6.22
-1.18,7.47,6.21
-1.01,7.85,5.79
-0.98,7.91,5.71
-0.95,7.98,5.62
-1.05,7.76,5.88
-0.96,7.90,5.72
-0.99,7.93,5.71
-1.03,7.87,5.78
-1.19,7.57,6.07
-1.30,7.23,6.47
-1.63,6.48,7.29
-1.32,7.15,6.59
-1.24,7.34,6.36
-1.35,7.05,6.69
-1.32,7.12,6.60
-1.01,7.87,5.77
-1.10,7.67,5.99
-1.31,7.16,6.55
-1.35,7.08,6.64
-1.00,7.87,5.77
-1.18,7.45,6.21
-1.26,7.28,6.42
-1.16,7.53,6.14
-1.16,7.53,6.15
-1.17,7.53,6.15
-0.96,7.96,5.65
-0.66,8.58,4.95
-0.85,8.16,5.42
-0.96,7.92,5.68
-0.93,7.82,5.87
-1.19,7.23,6.48
-1.68,6.14,7.67
-1.36,6.83,6.93
-1.07,7.51,6.18
-1.24,7.14,6.59
-1.11,7.43,6.27
-1.04,7.60,6.07
-1.18,7.28,6.43
-1.09,7.50,6.21
-1.10,7.50,6.18
-1.09,7.51,6.19
-1.09,7.50,6.19
-1.09,7.50,6.19
-1.09,7.50,6.19
-1.04,7.62,6.06
-0.95,7.83,5.82
-1.25,7.12,6.62
-1.11,7.45,6.26
-1.09,7.50,6.18
-1.09,7.51,6.18
-1.09,7.50,6.19
-1.09,7.50,6.18
-1.09,7.51,6.19
-1.09,7.51,6.18
-1.09,7.50,6.19
-1.09,7.51,6.18
-1.09,7.50,6.19
-1.09,7.50,6.19
-1.09,7.51,6.18
-1.09,7.51,6.18
-1.09,7.51,6.18
-1.09,7.51,6.19
-1.09,7.51,6.18
-1.09,7.51,6.18
-1.09,7.50,6.19
-1.09,7.51,6.18
-1.09,7.50,6.18
-1.10,7.51,6.18
-1.09,7.51,6.18
-1.09,7.51,6.18
-1.08,7.51,6.18
-1.09,7.51,6.18
-1.09,7.51,6.18
-1.09,7.51,6.18
-1.09,7.51,6.18
-1.09,7.51,6.19
-1.09,7.51,6.18
-1.09,7.51,6.18
-1.09,7.51,6.18
-1.09,7.51,6.19
-1.09,7.50,6.19
-1.09,7.51,6.18
-1.08,7.50,6.19
-1.09,7.51,6.18
-1.09,7.51,6.19
-1.09,7.51,6.18
-1.09,7.50,6.18
-1.09,7.51,6.18
-1.09,7.51,6.18
-1.10,7.51,6.18
-1.09,7.50,6.18
-1.09,7.50,6.19
-1.09,7.51,6.18
-1.09,7.50,6.19
-1.09,7.50,6.19
-1.09,7.51,6.18
-1.06,7.58,6.09
-0.89,7.93,5.71
-0.96,7.81,5.84
-0.94,7.86,5.81
-1.13,7.43,6.24
-1.18,7.32,6.40
-1.16,7.37,6.32
-0.97,7.76,5.91
-1.25,7.12,6.60
-1.12,7.41,6.31
-1.17,7.26,6.47
-1.19,7.15,6.56
-1.07,7.49,6.22
-1.06,7.50,6.20
-1.06,7.50,6.20
-1.05,7.50,6.20
-1.06,7.50,6.20
-1.06,7.50,6.20
-1.06,7.50,6.20
-1.06,7.50,6.20
-1.06,7.50,6.20
-1.06,7.50,6.20
-1.06,7.50,6.20
-1.06,7.50,6.20
-1.06,7.50,6.20
-1.06,7.50,6.20
-1.06,7.50,6.20
-1.06,7.50,6.20
-1.06,7.50,6.20
-1.05,7.50,6.20
-1.05,7.50,6.20
-1.05,7.50,6.20
-1.06,7.49,6.20
-0.88,7.86,5.79
-0.78,8.07,5.56
-0.87,7.95,5.68
-0.84,7.95,5.68
-0.71,8.14,5.44
-0.79,8.05,5.54
-0.98,7.69,6.02
-1.07,7.55,6.12
-1.10,7.50,6.13
-1.05,7.64,6.01
-1.17,7.27,6.42
-2.15,5.33,8.53
-1.66,6.27,7.52
-1.36,6.93,6.81
-1.18,7.39,6.30
-1.17,7.39,6.31
-1.18,7.39,6.30
-1.17,7.39,6.31
-1.18,7.39,6.30
-1.17,7.40,6.31
-1.18,7.39,6.30
-1.18,7.39,6.31
-1.18,7.39,6.30
-1.18,7.39,6.30
-1.17,7.39,6.31
-1.18,7.39,6.30
-1.17,7.39,6.31
-1.18,7.39,6.30
-1.18,7.39,6.30
-1.18,7.39,6.30
-1.17,7.39,6.31
-1.18,7.39,6.30
-1.17,7.39,6.31
-1.18,7.39,6.30
-1.17,7.39,6.31
-1.12,7.53,6.16
-0.93,7.90,5.73
-1.02,7.74,5.91
-1.14,7.51,6.16
-1.25,7.30,6.41
-1.12,7.59,6.05
-1.13,7.55,6.11
-1.21,7.38,6.34
-1.33,7.08,6.66
-1.23,7.28,6.42
-1.24,7.33,6.37
-1.22,7.26,6.44
-1.13,7.55,6.13
-1.25,7.30,6.39
-1.24,7.22,6.50
-1.47,6.72,7.04
-1.28,7.16,6.55
-1.20,7.34,6.35
-1.20,7.34,6.36
-1.21,7.35,6.35
-1.20,7.34,6.36
-1.20,7.34,6.36
-1.20,7.35,6.35
-1.21,7.35,6.35
-1.20,7.35,6.35
-1.20,7.35,6.36
-1.20,7.35,6.36
-1.21,7.35,6.36
-1.20,7.34,6.35
-1.21,7.35,6.35
-1.21,7.34,6.35
-1.20,7.35,6.35
-1.20,7.35,6.36
-1.20,7.34,6.35
-1.20,7.34,6.35
-1.20,7.35,6.35
-1.21,7.34,6.35
-1.20,7.35,6.35
-1.20,7.34,6.35
-1.21,7.35,6.35
-1.21,7.35,6.36
-1.21,7.35,6.35
-1.21,7.35,6.35
-1.20,7.35,6.36
-1.20,7.35,6.36
-1.20,7.35,6.35
-1.20,7.35,6.36
-1.21,7.35,6.35
-1.21,7.35,6.35
-1.20,7.35,6.36
-1.21,7.35,6.35
-1.20,7.35,6.36
-1.21,7.35,6.36
-1.20,7.34,6.35
-1.21,7.35,6.36
-1.21,7.35,6.35
-1.21,7.34,6.35
-1.21,7.35,6.35
-1.21,7.35,6.35
-1.21,7.35,6.35
-1.06,7.69,5.97
-0.96,7.89,5.75
-0.98,7.84,5.79
-1.07,7.65,6.03
-1.01,7.77,5.88
-0.84,8.08,5.58
-1.01,7.85,5.74
-1.39,6.93,6.81
-1.27,7.20,6.52
-1.33,7.09,6.64
-1.37,7.06,6.65
-1.35,7.08,6.67
-1.22,7.34,6.34
-1.33,7.10,6.61
-1.18,7.43,6.26
-1.31,7.20,6.53
-1.38,7.00,6.73
-1.13,7.47,6.23
-1.36,7.11,6.60
-1.38,6.98,6.76
-1.27,7.21,6.52
-1.14,7.53,6.15
-0.93,7.98,5.64
-1.16,7.51,6.15
-1.11,7.56,6.12
-1.15,7.54,6.14
-1.26,7.22,6.49
-1.19,7.34,6.37
-1.12,7.53,6.14
-1.07,7.59,6.11
-1.01,7.73,5.92
-0.98,7.74,5.92
-0.91,7.71,5.97
-1.01,7.65,6.06
-1.04,7.57,6.12
-0.95,7.95,5.63
-1.17,7.59,6.03
-1.07,7.36,6.41
-1.08,7.52,6.24
-1.33,7.50,6.16
-0.87,7.95,5.64
-0.82,7.58,6.14
-0.97,7.62,6.10
-1.21,7.48,6.21
-1.15,7.37,6.33
-1.11,7.35,6.35
-1.10,7.39,6.38
-1.20,7.38,6.40
-1.52,7.08,6.56
-1.69,7.06,6.59
-1.05,7.06,6.72
-1.27,6.65,7.18
-1.39,6.84,6.91
-1.37,7.00,6.75
-1.39,6.92,6.81
-1.13,7.52,6.17
-1.14,7.51,6.17
-1.14,7.51,6.16
-1.14,7.51,6.17
-1.14,7.51,6.17
-1.14,7.51,6.16
-1.14,7.51,6.17
-1.14,7.51,6.17
-1.14,7.51,6.16
-1.13,7.51,6.17
-1.14,7.52,6.17
-1.14,7.51,6.17
-1.13,7.51,6.17
-1.13,7.51,6.17
-1.13,7.52,6.17
-1.13,7.51,6.17
-1.13,7.52,6.16
-1.14,7.51,6.16
-1.13,7.51,6.16
-1.13,7.51,6.16
-1.13,7.51,6.16
-1.13,7.52,6.17
-1.14,7.52,6.16
-1.13,7.52,6.17
-1.14,7.51,6.17
-1.13,7.52,6.17
-1.13,7.52,6.16
-1.13,7.52,6.17
-1.13,7.52,6.17
-1.13,7.51,6.17
-1.14,7.52,6.16
-1.13,7.51,6.16
-1.13,7.52,6.17
-1.13,7.51,6.16
-1.06,7.67,5.99
-0.95,7.87,5.78
-1.39,6.97,6.77
-1.12,7.58,6.09
-1.13,7.52,6.16
-1.14,7.52,6.15
-1.14,7.52,6.16
-1.14,7.52,6.15
-1.14,7.52,6.15
-1.14,7.52,6.16
-1.14,7.52,6.15
-1.14,7.52,6.16
-1.14,7.52,6.15
-1.14,7.52,6.16
-1.14,7.52,6.15
-1.13,7.52,6.16
-1.14,7.53,6.15
-1.14,7.52,6.15
-1.14,7.53,6.16
-1.14,7.52,6.15
-1.15,7.52,6.15
-1.14,7.52,6.15
-1.14,7.52,6.15
-1.14,7.52,6.15
-1.14,7.52,6.16
-1.14,7.52,6.15
-1.14,7.53,6.16
-1.14,7.52,6.16
-1.14,7.53,6.15
-1.14,7.52,6.15
-1.14,7.53,6.15
-1.14,7.52,6.15
-1.14,7.52,6.15
-1.14,7.53,6.16
-1.14,7.52,6.15
-1.14,7.52,6.16
-1.14,7.52,6.16
-1.13,7.52,6.16
-1.14,7.52,6.16
-1.14,7.52,6.15
-1.14,7.52,6.15
-1.13,7.52,6.16
-1.14,7.52,6.16
-1.14,7.52,6.15
-1.14,7.52,6.16
-1.13,7.52,6.15
-1.13,7.52,6.15
-1.14,7.52,6.15
-1.14,7.53,6.15
-1.13,7.52,6.16
-1.14,7.52,6.16
-1.15,7.53,6.15
-1.14,7.52,6.16
-1.15,7.53,6.15
-1.14,7.52,6.15
-1.14,7.52,6.15
-1.14,7.52,6.16
-1.14,7.52,6.15
-1.13,7.52,6.15
-1.14,7.53,6.15
-1.13,7.52,6.15
-1.14,7.52,6.16
-1.14,7.52,6.16
-1.14,7.53,6.14
-0.92,7.96,5.66
-0.57,8.64,4.87
-0.69,8.40,5.15
-0.81,8.17,5.42
-0.86,8.09,5.51
-1.15,7.54,6.19
-1.39,7.67,5.97
-1.62,7.75,5.73
-1.73,7.54,6.07
-1.50,7.77,5.76
-1.14,7.53,6.06
-0.99,7.46,6.24
-0.91,7.16,6.53
-0.97,6.56,7.31
-0.86,7.27,6.49
-0.81,7.54,6.24
-0.66,7.86,5.81
-0.78,7.85,5.82
-1.12,7.83,5.79
-1.14,7.69,5.99
-1.12,7.57,6.09
-1.13,7.69,5.92
-1.20,7.88,5.75
-1.29,7.65,6.00
-1.29,7.57,6.10
-1.22,7.56,5.97
-1.17,7.74,5.89
-1.20,7.56,6.10
-1.18,7.52,6.24
-1.32,7.43,6.19
-1.35,7.36,6.25
-1.38,7.32,6.52
-1.29,7.23,6.33
-1.58,7.13,6.65
-1.71,6.93,6.67
-1.50,7.05,6.73
-1.43,7.34,6.33
-1.41,7.23,6.45
-1.38,7.37,6.27
-1.60,7.19,6.45
-1.68,6.82,6.84
-1.79,6.54,7.25
-1.87,6.48,7.22
-1.62,6.86,6.82
-1.51,7.13,6.56
-1.32,7.52,6.12
-1.32,7.53,6.12
-1.32,7.52,6.11
-1.32,7.52,6.11
-1.31,7.53,6.10
-1.12,7.96,5.63
-1.29,7.59,6.01
-1.55,6.90,6.83
-1.29,7.51,6.13
-1.31,7.49,6.16
-1.31,7.49,6.16
-1.30,7.49,6.15
-1.31,7.49,6.15
-1.30,7.49,6.15
-1.31,7.49,6.16
-1.31,7.49,6.16
-1.30,7.49,6.16
-1.31,7.49,6.16
-1.32,7.49,6.16
-1.31,7.49,6.16
-1.31,7.49,6.16
-1.31,7.49,6.16
-1.31,7.49,6.16
-1.32,7.49,6.16
-1.31,7.49,6.16
-1.31,7.49,6.16
-1.31,7.49,6.16
-1.31,7.49,6.16
-1.31,7.49,6.16
-1.32,7.49,6.16
-1.31,7.49,6.16
-1.31,7.49,6.16
-1.31,7.49,6.16
-1.32,7.49,6.16
-1.31,7.49,6.16
-1.32,7.49,6.16
-1.31,7.49,6.15
-1.31,7.49,6.16
-1.31,7.49,6.16
-1.31,7.49,6.16
-1.31,7.49,6.16
-1.32,7.49,6.15
-1.31,7.49,6.16
-1.31,7.49,6.15
-1.31,7.49,6.16
-1.31,7.49,6.15
-1.30,7.49,6.16
-1.31,7.49,6.16
-1.31,7.49,6.16
-1.31,7.49,6.15
-1.31,7.49,6.16
-1.31,7.49,6.16
-1.31,7.49,6.16
-1.31,7.49,6.16
-1.31,7.49,6.15
-1.31,7.49,6.16
-1.31,7.49,6.16
-1.31,7.49,6.16
-1.30,7.49,6.15
-1.31,7.49,6.16
-1.31,7.49,6.16
-1.30,7.49,6.16
-1.30,7.49,6.16
-1.30,7.49,6.15
-1.31,7.49,6.16
-1.30,7.49,6.16
-1.31,7.49,6.16
-1.31,7.49,6.16
-1.31,7.49,6.16
-1.30,7.49,6.16
-1.31,7.49,6.15
-1.31,7.49,6.16
-1.31,7.49,6.16
-1.31,7.49,6.16
-1.31,7.49,6.16
-1.31,7.49,6.16
-1.31,7.49,6.16
-1.31,7.49,6.15
-1.12,7.97,5.64
-0.96,8.32,5.20
-1.07,8.07,5.49
-1.04,8.12,5.46
-1.21,7.53,6.09
-1.16,7.71,5.96
-1.00,8.00,5.58
-1.05,7.86,5.80
-1.03,7.76,5.93
-1.19,7.58,6.05
-1.51,6.90,6.76
-1.65,6.87,6.82
-1.72,6.76,6.95
-1.51,7.01,6.70
-1.24,7.50,6.17
-1.21,7.48,6.19
-1.20,7.57,6.10
-1.17,7.62,6.01
-1.15,7.58,6.09
-1.29,7.24,6.48
-1.24,7.46,6.19
-1.52,6.91,6.81
-1.41,7.36,6.30
-1.36,7.51,6.13
-1.31,7.66,5.95
-1.21,7.87,5.70
-1.33,7.51,6.13
-1.19,7.65,6.00
-1.12,7.58,6.08
-1.07,7.56,6.13
-1.03,7.49,6.24
-0.84,7.70,5.91
-1.04,7.49,6.21
-1.06,7.41,6.32
-1.19,7.15,6.54
-1.23,6.94,6.89
-0.94,7.72,5.94
-0.83,7.73,5.81
-1.21,6.91,6.98
-0.72,7.93,5.73
-0.78,7.89,5.73
-1.05,7.13,6.60
-0.88,7.51,6.25
-0.88,7.42,6.29
-0.81,7.50,6.25
-0.75,7.34,6.45
-0.78,7.49,6.24
-0.53,7.88,5.83
-0.74,7.82,5.85
-1.00,7.86,5.75
-1.28,7.68,5.93
-1.20,7.29,6.47
-1.16,7.23,6.56
-1.35,6.79,6.90
-1.38,6.75,7.05
-1.21,7.18,6.55
-1.03,7.69,5.99
-1.04,7.64,6.05
-0.84,7.92,5.70
-0.89,7.87,5.83
-0.87,7.80,5.83
-1.03,7.48,6.15
-1.08,7.23,6.59
-1.27,7.00,6.74
-1.10,7.47,6.27
-1.11,7.54,6.14
-1.12,7.51,6.15
-1.17,7.40,6.31
-1.07,7.50,6.21
-0.94,7.90,5.83
-1.03,7.54,6.09
-1.02,7.54,6.16
-0.90,7.70,5.97
-0.80,7.62,6.11
-0.78,7.50,6.17
-0.78,7.59,6.17
-0.76,7.59,6.14
-0.95,7.34,6.47
-1.22,6.91,6.84
-1.31,6.75,7.03
-1.14,7.18,6.57
-1.05,7.29,6.44
-1.04,7.38,6.38
-0.85,7.66,6.06
-0.72,7.90,5.73
-0.69,7.86,5.82
-0.79,7.71,5.99
-1.01,7.59,6.08
-0.96,7.77,5.88
-1.13,7.75,5.87
-1.37,7.41,6.32
-1.41,7.12,6.57
-1.52,6.83,6.92
-1.46,6.89,6.84
-1.24,7.41,6.27
-1.20,7.50,6.17
-1.19,7.52,6.16
-1.16,7.51,6.16
-1.23,7.43,6.24
-1.28,7.07,6.70
-1.39,6.98,6.74
-1.32,7.02,6.69
-1.16,7.45,6.26
-1.16,7.46,6.23
-1.15,7.46,6.23
-1.16,7.46,6.23
-1.15,7.46,6.23
-1.15,7.46,6.23
-1.15,7.46,6.23
-1.15,7.46,6.23
-1.15,7.46,6.23
-1.15,7.46,6.23
-1.15,7.46,6.23
-1.15,7.46,6.23
-1.15,7.46,6.23
-1.15,7.46,6.23
-1.16,7.46,6.23
-1.15,7.46,6.23
-1.16,7.46,6.23
-1.15,7.46,6.23
-1.15,7.46,6.23
-1.15,7.46,6.23
-1.15,7.46,6.23
-1.16,7.46,6.23
-1.15,7.46,6.23
-1.16,7.46,6.23
-1.15,7.46,6.23
-1.16,7.46,6.23
-1.15,7.46,6.23
-1.15,7.46,6.23
-1.02,7.82,5.82
-0.81,8.55,4.95
-1.01,8.05,5.55
-1.16,7.71,5.91
-1.37,7.31,6.35
-1.35,7.38,6.31
-1.60,6.76,6.96
-1.39,7.19,6.51
-1.20,7.64,5.99
-1.14,7.92,5.67
-1.22,7.58,6.05
-1.28,7.18,6.50
-1.28,7.36,6.39
-1.22,7.39,6.28
-1.11,7.54,6.14
-1.11,7.74,5.88
-1.23,7.59,6.06
-1.29,7.23,6.50
-1.14,7.52,6.14
-1.09,7.64,6.02
-1.09,7.66,6.06
-1.05,7.71,5.86
-0.98,7.69,5.99
-1.27,7.29,6.37
-1.31,7.29,6.40
-1.04,7.47,6.19
-1.12,7.45,6.26
-1.26,7.32,6.34
-1.25,7.22,6.52
-1.19,7.46,6.25
-1.04,7.56,6.10
-0.78,8.09,5.57
-1.07,7.70,6.01
-1.16,7.39,6.22
-1.58,7.01,6.75
-1.33,7.38,6.29
-1.30,7.55,6.10
-1.44,7.42,6.18
-1.46,7.49,6.12
-1.50,7.78,5.81
-1.60,7.56,6.04
-1.32,7.94,5.56
-1.25,7.53,6.03
-1.19,7.78,5.79
-1.51,7.66,5.94
-1.74,7.42,6.17
-1.25,7.39,6.35
-1.32,7.38,6.34
-1.36,7.55,6.10
-1.39,7.57,6.02
-1.44,7.44,6.16
-1.64,7.00,6.59
-1.55,7.00,6.75
-1.34,7.40,6.26
-1.30,7.82,5.76
-1.35,7.77,5.80
-1.34,7.74,5.82
-1.30,7.97,5.60
-1.38,8.05,5.46
-1.28,7.83,5.70
-0.96,7.62,6.02
-0.86,7.56,6.18
-1.21,7.44,6.20
-1.32,7.62,6.21
-1.06,7.67,5.87
-1.17,7.51,6.12
-1.26,7.49,6.24
-1.30,7.37,6.32
-1.38,7.18,6.50
-1.67,6.57,7.19
-1.61,6.77,7.00
-1.50,6.99,6.70
-1.49,6.72,7.04
-1.54,6.62,7.15
-1.09,7.61,6.06
-1.14,7.53,6.15
-1.05,7.75,5.91
-1.22,7.31,6.39
-1.12,7.57,6.11
-1.13,7.54,6.14
-1.13,7.54,6.14
-1.13,7.54,6.13
-1.13,7.54,6.14
-1.13,7.54,6.14
-1.09,7.71,5.94
-1.07,7.91,5.70
-1.14,7.20,6.53
-1.15,7.28,6.45
-1.07,7.51,6.18
-0.91,7.86,5.79
-0.82,7.93,5.73
-0.80,7.88,5.76
-0.87,7.80,5.85
-1.04,7.46,6.25
-1.12,7.59,6.11
-0.99,7.77,5.85
-0.86,7.77,5.88
-0.74,7.85,5.88
-0.83,8.01,5.62
-0.93,7.85,5.79
-1.00,7.54,6.11
-1.03,7.54,6.18
-1.13,7.61,6.05
-1.23,7.67,6.17
-1.11,7.67,5.78
-1.34,7.74,5.94
-1.36,7.58,5.86
-1.25,7.66,5.75
-1.31,7.78,6.00
-1.48,7.56,6.16
-1.66,7.63,5.99
-1.45,7.50,6.01
-1.41,7.46,6.19
-1.46,7.43,6.17
-1.41,7.56,6.08
-1.54,7.42,6.31
-1.52,7.41,6.12
-1.45,7.43,6.32
-1.89,6.77,6.76
-1.71,6.82,6.94
-0.90,7.34,6.47
-0.81,8.06,5.53
-1.20,7.70,5.75
-1.49,7.77,5.85
-1.39,7.69,6.01
-1.10,7.48,6.29
-0.11,7.39,6.43
-0.11,7.44,6.54
-0.34,7.86,5.73
-1.03,7.92,5.73
-1.00,7.62,6.05
-0.79,7.55,6.25
-1.02,7.52,6.15
-1.25,7.29,6.39
-1.31,7.33,6.36
-1.15,7.29,6.44
-1.03,7.28,6.47
-1.17,6.73,7.06
-1.39,6.35,7.48
-1.25,6.77,7.05
-1.32,6.65,7.13
-1.25,6.88,6.88
-1.31,6.93,6.82
-1.29,7.05,6.69
-1.04,7.54,6.16
-1.08,7.49,6.20
-1.28,6.96,6.81
-1.07,7.45,6.25
-1.10,7.41,6.30
-1.09,7.41,6.30
-1.09,7.41,6.30
-1.10,7.41,6.30
-1.09,7.43,6.28
-0.95,7.74,5.93
-1.09,7.44,6.26
-0.90,7.89,5.77
-0.94,7.81,5.83
-0.76,8.15,5.46
-0.66,8.01,5.68
-0.54,8.10,5.55
-0.59,7.92,5.81
-1.03,7.71,5.97
-1.04,7.63,5.98
-1.04,7.58,6.14
-0.95,7.56,6.09
-1.18,7.42,6.27
-1.24,7.35,6.29
-1.40,7.35,6.24
-1.12,7.27,6.85
-0.53,7.00,7.04
-0.28,7.19,6.68
-0.13,7.26,6.48
0.12,7.29,6.53
-0.13,7.51,6.22
-0.68,7.70,5.93
-0.99,7.55,6.18
-1.08,7.38,6.38
-1.07,7.33,6.35
-1.05,7.51,6.18
-1.12,7.10,6.27
-1.63,6.92,6.92
-1.04,8.10,5.51
-1.05,7.85,5.80
-1.08,7.62,6.12
-1.25,7.53,6.19
-1.82,7.48,5.93
-2.01,6.97,6.69
-1.83,6.29,7.37
-1.95,6.68,7.07
-1.84,7.16,6.46
-1.66,7.27,6.37
-1.64,7.53,6.07
-1.70,7.95,5.47
-1.82,7.86,5.72
-1.64,7.98,5.50
-1.53,7.79,5.74
-1.09,7.54,6.15
-1.06,7.79,5.96
-1.02,7.65,5.86
-1.12,7.65,6.07
-0.88,7.69,6.01
-0.69,7.63,6.09
-0.91,7.54,6.25
-1.09,7.28,6.40
-1.22,7.28,6.50
-1.18,7.12,6.61
-1.13,7.34,6.42
-0.93,7.60,6.09
-0.87,7.44,5.97
-1.08,7.22,6.75
-1.36,6.91,6.88
-1.51,6.98,6.70
-1.59,6.86,6.83
-1.54,6.91,6.83
-1.78,6.49,7.26
-1.26,7.58,6.04
-1.29,7.51,6.14
-1.29,7.51,6.13
-1.29,7.51,6.14
-1.29,7.51,6.14
-1.29,7.51,6.14
-1.29,7.51,6.14
-1.29,7.51,6.14
-1.29,7.51,6.14
-1.29,7.51,6.14
-1.29,7.51,6.14
-1.29,7.51,6.14
-1.29,7.51,6.14
-1.29,7.51,6.14
-1.29,7.51,6.14
-1.29,7.51,6.14
-1.28,7.51,6.14
-1.29,7.51,6.14
-1.28,7.51,6.14
-1.28,7.51,6.14
-1.28,7.51,6.14
-1.29,7.51,6.14
-1.29,7.51,6.14
-1.29,7.51,6.14
-1.29,7.51,6.14
-1.29,7.51,6.14
-1.29,7.51,6.14
-1.29,7.51,6.14
-1.29,7.51,6.14
-1.29,7.51,6.14
-1.29,7.51,6.14
-1.29,7.51,6.14
-1.29,7.51,6.14
-1.29,7.51,6.14
-1.29,7.51,6.14
-1.29,7.51,6.14
-1.29,7.51,6.14
-1.30,7.51,6.14
-1.29,7.51,6.14
-1.29,7.51,6.14
-1.29,7.51,6.14
-1.29,7.51,6.14
-1.29,7.51,6.14
-1.30,7.51,6.14
-1.29,7.51,6.14
-1.29,7.51,6.14
-1.29,7.51,6.14
-1.29,7.51,6.14
-1.29,7.51,6.14
-1.11,7.92,5.69
-1.08,8.00,5.58
-1.22,7.73,5.90
-1.15,7.92,5.65
-1.35,7.74,5.89
-1.33,7.53,6.10
-1.37,7.64,5.93
-1.26,7.74,5.94
-1.07,7.69,5.89
-1.21,7.36,6.34
-1.24,7.52,6.19
-1.22,7.50,6.10
-1.13,7.56,6.10
-0.80,7.49,6.37
-0.56,7.56,6.17
-0.22,7.72,5.96
-0.72,8.00,5.74
-0.94,7.70,6.06
-1.05,7.25,6.46
-0.79,7.33,6.45
-0.67,7.41,6.52
-0.77,7.23,6.48
-1.36,7.13,6.64
-1.47,6.91,6.83
-1.52,6.74,7.00
-1.37,7.12,6.59
-1.40,7.08,6.66
-1.59,6.67,7.06
-1.46,6.99,6.72
-1.26,7.44,6.23
-1.25,7.45,6.22
-1.26,7.45,6.22
-1.26,7.45,6.22
-1.25,7.45,6.22
-1.25,7.45,6.22
-1.25,7.45,6.23
-1.26,7.45,6.22
-1.26,7.45,6.22
-1.26,7.45,6.22
-1.26,7.45,6.22
-1.26,7.45,6.22
-1.25,7.45,6.23
-1.25,7.45,6.22
-1.26,7.45,6.22
-1.25,7.45,6.22
-1.25,7.45,6.22
-1.25,7.45,6.22
-1.25,7.46,6.21
-1.03,7.92,5.71
-1.38,7.14,6.56
-1.31,7.29,6.39
-1.23,7.46,6.23
-1.24,7.45,6.22
-1.24,7.45,6.22
-1.24,7.45,6.22
-1.24,7.45,6.22
-1.10,7.74,5.90
-0.84,8.38,5.14
-0.97,8.11,5.51
-0.85,8.50,4.99
-1.04,8.06,5.50
-1.54,7.71,5.84
-1.90,7.43,6.11
-1.77,7.38,6.15
-1.51,7.16,6.45
-1.25,6.96,6.96
-1.38,6.78,6.93
-0.87,7.74,5.95
-0.57,8.25,5.35
-0.56,7.83,5.90
-0.64,7.44,6.29
-1.01,7.22,6.59
-1.34,6.74,6.95
-1.37,6.89,6.91
-1.53,6.66,7.09
-1.31,6.86,6.89
-1.21,7.15,6.54
-1.13,7.28,6.51
-1.12,7.48,6.21
-1.02,7.56,6.12
-1.02,7.79,5.88
-1.40,7.93,5.59
-1.89,8.09,5.33
-2.28,7.83,5.65
-1.69,7.82,5.79
-1.22,7.80,5.91
-1.07,7.66,6.05
-1.17,7.59,6.01
-0.84,7.67,5.86
-0.76,7.69,6.02
-0.96,7.70,5.90
-1.11,7.69,6.06
-0.89,7.63,6.08
-0.89,7.56,6.10
-0.71,7.59,6.24
-0.68,7.38,6.29
-0.93,7.33,6.43
-0.95,7.17,6.57
-1.17,6.81,6.94
-0.86,7.00,6.83
-0.99,6.73,7.11
-1.56,6.58,7.18
-1.08,6.79,7.02
-1.02,7.02,6.76
-0.88,7.41,6.33
-0.89,7.41,6.33
-0.89,7.41,6.33
-0.89,7.41,6.32
-0.88,7.41,6.33
-0.88,7.41,6.33
-0.88,7.41,6.32
-0.89,7.41,6.33
-0.88,7.41,6.33
-0.92,7.42,6.33
-0.93,7.42,6.31
-0.87,7.55,6.17
-0.82,7.74,5.95
-0.92,7.50,6.21
-0.99,7.16,6.63
-0.90,7.44,6.29
-0.96,7.34,6.41
-0.88,7.51,6.22
-0.93,7.36,6.38
-0.97,7.29,6.47
-0.95,7.30,6.46
-0.87,7.45,6.29
-0.93,7.35,6.39
-0.93,7.36,6.38
-0.91,7.41,6.34
-0.80,7.59,6.13
-0.86,7.50,6.22
-1.03,7.19,6.59
-0.91,7.40,6.31
-0.93,7.42,6.32
-0.82,7.59,6.13
-0.89,7.43,6.31
-0.76,7.65,6.07
-0.90,7.47,6.24
-0.92,7.53,6.20
-0.87,7.79,5.87
-1.05,7.43,6.31
-1.05,7.40,6.32
-1.04,7.65,6.01
-0.98,7.65,6.03
-1.06,7.55,6.14
-1.00,7.54,6.15
-1.05,7.76,5.88
-1.06,7.85,5.77
-1.14,7.79,5.83
-1.75,7.11,6.50
-1.67,6.93,6.75
-1.43,6.21,7.64
-1.14,7.39,6.31
-1.14,7.40,6.31
-1.14,7.40,6.31
-1.14,7.40,6.30
-1.14,7.40,6.31
-1.14,7.40,6.30
-1.14,7.40,6.31
-1.14,7.40,6.31
-1.12,7.47,6.23
-0.99,7.88,5.75
-0.97,7.71,5.95
-0.87,7.83,5.86
-0.84,7.89,5.72
-1.26,7.36,6.37
-1.22,7.54,6.10
-0.95,7.67,6.00
-0.83,7.79,5.90
-1.07,7.60,6.08
-1.11,7.49,6.19
-1.14,7.64,6.00
-1.21,7.98,5.58
-1.33,8.08,5.48
-1.35,7.82,5.72
-1.32,7.78,5.80
-1.05,7.75,5.89
-0.90,7.72,5.88
-1.19,7.32,6.35
-1.20,7.34,6.46
-1.14,7.12,6.63
-0.78,7.17,6.68
-0.89,7.27,6.41
-0.82,7.46,6.41
-0.89,7.54,6.12
-0.99,7.73,6.05
-0.91,7.59,5.97
-0.95,7.30,6.33
-1.08,7.40,6.47
-1.10,7.51,6.17
-1.16,7.42,6.17
-1.21,7.34,6.43
-1.09,7.30,6.45
-1.36,6.96,6.78
-1.45,6.66,7.18
-1.09,7.05,6.63
-1.06,7.10,6.75
0.11,7.14,6.80
0.82,7.00,7.09
0.99,7.58,6.30
-0.21,8.07,5.59
-1.02,7.62,5.96
-1.03,7.49,6.30
-1.27,7.35,6.32
-1.21,7.33,6.41
-1.24,7.17,6.53
-1.52,6.90,6.80
-1.87,6.45,7.30
-1.94,6.87,6.76
-1.58,6.90,6.83
-1.28,7.39,6.33
-1.36,7.82,5.77
-1.69,7.88,5.59
-1.56,8.02,5.48
-1.38,8.06,5.41
-1.29,7.68,5.95
-1.01,7.59,6.16
-0.93,7.39,6.30
-1.02,7.28,6.38
-0.90,7.28,6.43
-0.69,7.01,6.87
-0.55,6.77,7.20
-0.42,6.89,7.07
-0.54,6.79,6.96
-0.61,6.69,7.29
-0.37,6.73,7.15
-0.35,6.97,6.84
-1.43,6.26,7.33
-1.56,6.17,7.59
-1.49,6.48,7.27
-1.63,6.15,7.60
-1.48,6.44,7.30
-1.32,6.82,6.89
-1.32,6.82,6.90
-1.32,6.82,6.90
-1.32,6.82,6.90
-1.32,6.82,6.90
-1.32,6.82,6.90
-1.32,6.82,6.90
-1.32,6.82,6.90
-1.32,6.82,6.90
-1.14,7.29,6.37
-1.11,7.47,6.19
-1.17,7.35,6.31
-1.24,7.27,6.47
-1.33,7.24,6.53
-1.08,7.66,6.07
-1.06,7.72,6.02
-1.17,7.57,6.15
-1.38,7.10,6.73
-1.28,7.23,6.59
-1.31,7.09,6.63
-1.13,7.50,6.19
-0.96,7.82,5.81
-0.75,8.18,5.38
-0.83,7.88,5.74
-0.90,7.81,5.85
-0.76,8.05,5.56
-0.85,7.69,5.92
-0.80,7.84,5.83
-0.71,7.82,5.82
-0.69,7.95,5.67
-0.59,8.08,5.52
-0.64,8.09,5.51
-0.83,7.53,6.16
-1.13,7.02,6.72
-0.98,7.47,6.23
-0.72,8.01,5.61
-0.73,7.88,5.73
-0.73,7.82,5.88
-0.20,8.06,5.60
0.22,7.78,6.00
0.34,7.64,6.21
-0.20,7.71,6.07
-0.69,7.77,5.90
-0.77,7.67,6.00
-0.77,7.92,5.77
-0.96,7.74,5.93
-1.01,7.78,5.89
-1.08,7.69,5.97
-1.17,7.50,6.24
-1.18,7.46,6.31
-1.25,7.67,5.93
-0.86,7.69,6.03
-0.74,7.52,6.16
-1.00,7.46,6.24
-1.15,7.57,6.12
-1.09,7.56,6.11
-1.11,7.48,6.13
-1.04,7.50,6.26
-1.13,7.37,6.37
-1.09,7.29,6.44
-1.21,7.30,6.40
-1.34,7.06,6.66
-1.50,6.62,7.10
-1.38,6.98,6.76
-1.35,7.05,6.72
-1.38,6.95,6.79
-1.53,6.56,7.22
-1.46,6.74,7.01
-1.25,7.23,6.49
-0.99,7.85,5.79
-1.13,7.51,6.17
-1.28,7.13,6.59
-1.01,7.80,5.87
-0.98,7.82,5.83
-1.24,7.23,6.49
-1.03,7.65,6.03
-0.93,7.85,5.80
-0.95,7.81,5.85
-0.89,7.89,5.73
-1.03,7.57,6.13
-0.92,7.71,5.96
-0.87,7.84,5.81
-0.82,7.89,5.75
-0.83,7.99,5.68
-0.91,7.63,6.03
-1.06,7.44,6.33
-1.22,7.43,6.27
-1.29,7.37,6.32
-1.20,7.20,6.52
-1.17,7.37,6.38
-1.10,7.40,6.32
-1.01,7.39,6.32
-0.96,7.47,6.21
-0.93,7.74,6.03
-1.01,7.63,6.05
-1.03,7.59,6.05
-1.06,7.45,6.28
-1.06,7.49,6.13
-1.07,7.39,6.44
-1.02,7.55,6.08
-1.03,7.38,6.35
-1.11,7.33,6.48
-1.13,7.35,6.29
-1.09,7.40,6.34
-1.06,7.54,6.18
-1.08,7.41,6.30
-1.09,7.40,6.33
-1.03,7.46,6.18
-1.12,7.40,6.36
-1.04,7.55,6.17
-1.02,7.64,6.02
-1.04,7.59,6.11
-1.08,7.49,6.21
-1.09,7.63,5.96
-1.26,7.41,6.25
-1.13,7.44,6.27
-0.95,7.62,6.07
-0.96,7.65,6.03
-1.04,7.41,6.30
-1.28,7.03,6.79
-1.33,7.13,6.58
-1.43,7.49,6.16
-1.20,7.60,6.03
-0.96,8.13,5.43
-0.85,8.50,5.12
-0.74,8.08,5.49
-0.90,7.83,5.78
-1.16,7.71,5.98
-1.24,7.52,6.15
-1.11,7.27,6.35
-1.13,7.34,6.39
-1.34,7.00,6.74
-1.15,7.17,6.55
-1.03,7.28,6.48
-1.17,7.60,6.07
-1.14,7.64,5.99
-1.04,7.73,5.93
-0.91,7.78,5.83
-1.02,7.86,5.78
-1.01,7.81,5.84
-1.10,7.61,6.01
-1.54,7.27,6.54
-1.52,6.74,6.89
-1.14,7.38,6.34
-0.98,7.89,5.79
-1.01,8.03,5.57
-0.73,7.99,5.64
-0.69,7.93,5.70
-0.74,7.88,5.71
-0.90,7.91,5.69
-0.93,7.88,5.82
-0.98,7.82,5.90
-1.00,7.72,5.93
-1.00,7.72,6.04
-1.31,7.37,6.35
-1.24,7.29,6.29
-1.13,7.49,6.19
-1.15,7.51,6.18
-1.02,7.52,6.23
-1.05,7.51,6.17
-1.08,7.25,6.37
-1.25,7.16,6.62
-1.42,6.90,6.86
-1.29,7.20,6.44
-1.21,7.39,6.31
-1.24,7.40,6.36
-1.49,7.19,6.53
-1.98,6.74,6.85
-3.33,6.64,6.63
-3.89,7.43,5.97
-3.90,7.93,5.19
-2.23,8.18,5.10
-0.93,8.07,5.53
-0.98,7.88,5.79
-0.86,7.74,5.93
-1.32,7.70,5.84
-1.26,7.57,6.04
-0.89,7.35,6.43
-0.59,7.29,6.45
-0.78,7.46,6.28
-0.80,7.61,6.13
-0.93,7.57,6.10
-1.19,7.30,6.17
-1.34,7.38,6.53
-1.34,7.32,6.39
-1.32,7.32,6.32
-1.20,7.36,6.44
-1.39,7.07,6.69
-1.32,6.84,6.84
-1.25,6.71,7.07
-1.35,6.84,6.94
-1.47,6.71,7.02
-1.41,6.90,6.89
-1.37,6.93,6.83
-1.55,6.61,7.13
-1.44,6.92,6.83
-1.16,7.57,6.09
-1.18,7.53,6.15
-1.18,7.53,6.14
-1.14,7.60,6.06
-1.00,7.92,5.71
-1.24,7.37,6.31
-1.30,7.27,6.44
-1.20,7.50,6.16
-1.19,7.52,6.15
-1.20,7.52,6.15
-1.21,7.52,6.14
-1.20,7.52,6.15
-1.12,7.71,5.94
-0.97,8.02,5.57
-0.90,8.15,5.45
-0.98,8.07,5.50
-0.85,8.12,5.46
-0.81,8.04,5.58
-0.77,7.85,5.86
-1.07,7.12,6.65
-1.46,6.68,7.15
-1.68,6.41,7.33
-1.25,7.33,6.39
-1.01,7.90,5.73
-0.62,8.28,5.24
-0.96,7.82,5.77
-1.24,7.91,5.59
-0.98,8.15,5.54
-0.91,7.89,5.74
-0.91,7.89,5.79
-1.09,7.88,5.68
-1.26,7.66,5.98
-1.16,7.72,5.91
-1.09,7.83,5.82
-1.08,7.80,5.82
-1.14,7.82,5.78
-1.29,7.49,6.14
-1.48,7.48,6.12
-1.43,7.34,6.28
-1.44,7.35,6.32
-1.49,7.09,6.57
-1.86,6.44,7.33
-1.97,6.35,7.39
-1.39,7.43,6.19
-1.25,7.59,6.04
-1.10,7.71,5.98
-1.10,7.69,5.96
-0.93,7.83,5.82
-0.92,7.98,5.69
-0.94,7.84,5.84
-0.98,7.81,5.75
-0.96,7.90,5.71
-0.96,7.83,5.86
-0.97,7.77,5.86
-1.00,7.81,5.97
-1.04,7.80,5.78
-1.09,7.65,6.00
-1.10,7.68,5.89
-1.29,7.50,6.26
-1.24,7.53,6.09
-1.09,7.69,5.93
-1.25,7.54,6.13
-1.27,7.47,6.20
-1.28,7.51,6.05
-1.36,7.66,6.09
-1.12,7.58,6.07
-1.26,7.51,6.12
-1.39,7.35,6.38
-1.36,7.42,6.22
-1.37,7.44,6.35
-1.21,7.31,6.33
-1.20,7.34,6.34
-1.13,7.54,6.14
-0.91,7.62,5.96
-1.04,7.51,6.22
-1.21,7.42,6.22
-1.34,7.37,6.27
-1.40,7.17,6.51
-1.54,6.67,7.16
-1.52,6.93,6.78
-1.47,7.04,6.68
-1.49,6.76,6.94
-1.47,6.93,6.84
-1.28,7.18,6.52
-1.47,6.71,7.02
-1.49,6.75,7.02
-1.26,7.24,6.47
-1.09,7.67,6.00
-1.05,7.77,5.89
-1.45,6.78,6.96
-1.27,7.24,6.46
-1.17,7.47,6.22
-1.18,7.47,6.22
-1.17,7.47,6.21
-1.17,7.47,6.22
-1.17,7.48,6.21
-1.09,7.66,5.99
-0.97,7.88,5.76
-1.04,7.76,5.89
-1.00,7.83,5.81
-0.87,8.16,5.43
-0.90,8.03,5.56
-1.15,7.57,6.16
-1.12,7.65,6.01
-1.14,7.59,6.02
-1.07,7.69,5.97
-1.11,7.55,6.10
-1.10,7.68,5.88
-1.01,7.93,5.76
-1.19,7.56,6.17
-1.25,7.49,6.15
-1.18,7.64,6.06
-1.17,7.72,5.87
-1.16,7.72,5.96
-1.10,7.73,5.88
-1.20,7.71,5.94
-1.32,7.60,5.96
-1.28,7.74,5.94
-1.16,7.51,6.08
-1.24,7.65,5.99
-1.23,7.75,5.88
-1.27,7.59,6.03
-1.23,7.62,6.06
-1.17,7.64,6.01
-1.14,7.62,5.95
-1.27,7.62,5.99
-1.17,7.53,6.28
-1.21,7.57,6.03
-1.20,7.51,6.16
-1.16,7.42,6.28
-1.10,7.50,6.18
-0.96,7.60,6.18
-1.01,7.54,6.15
-1.07,7.56,6.09
-1.16,7.51,6.19
-1.13,7.55,6.14
-1.28,7.44,6.27
-1.28,7.39,6.26
-1.31,7.43,6.22
-1.25,7.42,6.30
-1.30,7.41,6.20
-1.35,7.43,6.27
-1.39,7.20,6.56
-1.44,7.02,6.70
-1.39,7.31,6.34
-1.24,7.50,6.17
-1.10,7.41,6.35
-1.06,7.33,6.32
-0.91,7.55,6.19
-0.58,7.87,5.83
-0.94,7.46,6.30
-1.48,6.77,7.00
-1.77,6.42,7.29
-1.54,6.78,7.01
-1.63,6.48,7.28
-1.44,6.88,6.83
-1.17,7.53,6.16
-1.16,7.53,6.15
-1.17,7.53,6.14
-1.17,7.53,6.14
-1.17,7.53,6.14
-1.17,7.53,6.14
-1.18,7.53,6.14
-1.17,7.53,6.15
-1.18,7.53,6.14
-1.17,7.53,6.15
-1.18,7.53,6.14
-1.18,7.53,6.14
-1.17,7.53,6.14
-1.17,7.53,6.14
-1.17,7.53,6.14
-1.18,7.53,6.14
-1.17,7.53,6.14
-1.17,7.53,6.15
-1.17,7.53,6.14
-1.17,7.53,6.15
-1.18,7.53,6.15
-1.18,7.53,6.14
-1.18,7.53,6.14
-1.18,7.53,6.14
-1.18,7.53,6.14
-1.18,7.53,6.15
-1.18,7.52,6.16
-1.18,7.53,6.15
-1.18,7.53,6.15
-1.18,7.52,6.15
-1.18,7.52,6.14
-1.18,7.52,6.15
-1.18,7.52,6.14
-1.18,7.52,6.14
-1.19,7.52,6.14
-1.18,7.52,6.14
-1.19,7.52,6.14
-1.19,7.52,6.14
-1.19,7.52,6.14
-1.16,7.60,6.06
-0.87,8.23,5.33
-0.81,8.32,5.24
-0.93,7.98,5.64
-0.97,7.80,5.86
-0.89,7.88,5.73
-0.87,7.99,5.63
-1.07,7.95,5.59
-1.15,7.77,5.85
-1.13,7.73,5.91
-1.13,7.72,5.90
-1.11,7.72,5.89
-1.31,7.57,6.06
-1.34,7.51,6.21
-1.29,7.52,6.10
-1.11,7.71,5.91
-1.13,7.67,5.97
-1.13,7.75,5.87
-1.32,7.46,6.13
-1.20,7.67,6.01
-1.08,7.69,5.98
-1.08,7.54,6.09
-1.11,7.35,6.25
-1.31,7.31,6.37
-1.41,7.32,6.35
-1.54,7.03,6.68
-1.42,7.08,6.58
-1.39,7.18,6.53
-1.43,7.19,6.52
-1.35,7.29,6.42
-1.42,7.07,6.67
-1.35,7.31,6.26
-1.77,7.07,6.62
-1.89,6.49,7.20
-1.82,6.41,7.32
-1.42,7.40,6.24
-1.36,7.51,6.11
-1.36,7.51,6.11
-1.37,7.51,6.11
-1.36,7.51,6.12
-1.36,7.51,6.11
-1.36,7.51,6.11
-1.36,7.51,6.12
-1.36,7.51,6.12
-1.36,7.51,6.11
-1.36,7.51,6.12
-1.36,7.51,6.13
-1.36,7.51,6.12
-1.36,7.51,6.13
-1.36,7.51,6.12
-1.36,7.50,6.13
-1.37,7.50,6.12
-1.36,7.50,6.13
-1.36,7.51,6.12
-1.37,7.51,6.12
-1.36,7.51,6.13
-1.37,7.50,6.12
-1.36,7.50,6.13
-1.37,7.50,6.12
-1.36,7.51,6.13
-1.36,7.51,6.12
-1.36,7.50,6.12
-1.36,7.50,6.12
-1.37,7.50,6.12
-1.37,7.51,6.12
-1.37,7.51,6.12
-1.37,7.51,6.13
-1.37,7.51,6.12
-1.37,7.50,6.12
-1.37,7.50,6.12
-1.37,7.50,6.12
-1.37,7.50,6.13
-1.37,7.50,6.12
-1.36,7.51,6.12
-1.37,7.50,6.12
-1.37,7.50,6.12
-1.37,7.50,6.12
-1.37,7.51,6.12
-1.37,7.50,6.12
-1.37,7.51,6.12
-1.37,7.51,6.12
-1.37,7.51,6.11
-1.37,7.51,6.11
-1.37,7.51,6.11
-1.37,7.51,6.11
-1.38,7.51,6.11
-1.37,7.51,6.11
-1.36,7.51,6.11
-1.36,7.51,6.11
-1.36,7.51,6.11
-1.36,7.51,6.11
-1.35,7.51,6.11
-1.35,7.51,6.11
-1.35,7.51,6.11
-1.35,7.51,6.11
-1.35,7.51,6.11
-1.36,7.51,6.11
-1.36,7.51,6.11
-1.35,7.51,6.11
-1.35,7.51,6.11
-1.36,7.51,6.11
-1.34,7.53,6.09
-1.16,7.99,5.57
-0.96,8.46,5.02
-1.06,8.12,5.39
-1.16,7.92,5.69
-1.00,8.10,5.53
-0.96,7.89,5.63
-1.14,7.69,6.04
-1.06,7.55,6.06
-1.04,7.61,6.02
-0.96,7.63,6.07
-1.13,7.41,6.19
-1.30,7.36,6.39
-1.56,6.87,6.84
-1.38,6.98,6.74
-0.99,7.21,6.53
-0.63,7.02,6.78
-0.70,6.93,7.10
-0.14,7.05,6.67
-0.23,7.26,6.61
-0.51,7.50,6.35
-1.00,7.53,6.19
-1.12,7.56,6.02
-1.34,7.60,6.05
-1.75,7.63,5.92
-1.64,7.55,6.00
-2.01,7.29,6.28
-1.89,7.27,6.34
-1.98,7.22,6.32
-1.94,7.50,6.00
-1.88,7.50,6.01
-1.66,7.49,6.13
-1.69,7.44,6.12
-1.83,7.23,6.40
-1.79,7.38,6.19
-1.84,7.40,6.16
-1.92,7.37,6.22
-1.81,7.16,6.48
-1.29,6.91,6.88
-1.10,7.18,6.59
-1.12,6.94,6.85
-1.01,7.44,6.28
-1.01,7.43,6.29
-1.01,7.44,6.28
-1.02,7.43,6.29
-1.01,7.43,6.28
-1.02,7.43,6.29
-1.01,7.43,6.28
-1.02,7.43,6.28
-1.02,7.43,6.28
-1.02,7.43,6.28
-1.01,7.43,6.29
-1.01,7.43,6.28
-1.02,7.43,6.28
-1.02,7.43,6.29
-1.02,7.43,6.28
-1.02,7.43,6.28
-1.02,7.43,6.27
-1.02,7.43,6.28
-1.02,7.43,6.27
-1.02,7.43,6.27
-1.02,7.43,6.27
-1.02,7.43,6.28
-1.02,7.43,6.27
-1.01,7.43,6.27
-1.01,7.43,6.27
-1.02,7.43,6.27
-1.01,7.44,6.27
-1.01,7.44,6.27
-1.01,7.44,6.28
-1.01,7.43,6.27
-1.01,7.44,6.27
-1.01,7.44,6.27
-1.01,7.44,6.27
-1.00,7.44,6.27
-1.00,7.44,6.27
-1.01,7.44,6.27
-1.01,7.44,6.27
-1.01,7.44,6.27
-1.01,7.44,6.27
-1.00,7.44,6.27
-1.00,7.44,6.27
-1.00,7.44,6.27
-1.00,7.44,6.27
-1.00,7.44,6.27
-1.00,7.44,6.27
-1.01,7.44,6.27
-1.01,7.44,6.27
-1.00,7.44,6.27
-1.01,7.44,6.27
-1.01,7.44,6.27
-1.01,7.44,6.27
-1.00,7.44,6.27
-1.01,7.44,6.27
-1.01,7.44,6.27
-1.02,7.44,6.27
-1.01,7.44,6.27
-1.01,7.44,6.27
-1.01,7.44,6.27
-1.01,7.44,6.27
-1.01,7.44,6.27
-1.01,7.44,6.27
-1.01,7.44,6.27
-1.00,7.44,6.27
-1.01,7.44,6.27
-1.01,7.44,6.26
-1.01,7.44,6.26
-1.01,7.44,6.27
-1.01,7.44,6.27
-1.01,7.44,6.26
-1.01,7.44,6.26
-1.01,7.44,6.27
-1.01,7.44,6.27
-1.01,7.44,6.27
-1.01,7.44,6.27
-1.01,7.44,6.27
-1.00,7.45,6.27
-1.01,7.44,6.26
-1.01,7.44,6.26
-1.01,7.44,6.27
-1.01,7.45,6.26
-1.01,7.44,6.27
-1.00,7.44,6.26
-1.00,7.44,6.27
-1.01,7.45,6.27
-1.00,7.45,6.27
-1.01,7.45,6.26
-1.00,7.44,6.26
-1.00,7.45,6.26
-1.00,7.45,6.26
-1.00,7.45,6.26
