2020-09-08 07:32:28.121464: LOGGING STARTED
-1.22,7.50,6.06
-1.22,7.46,6.20
-1.22,7.46,6.20
-1.22,7.46,6.20
-1.22,7.46,6.20
-1.22,7.46,6.20
-1.22,7.46,6.20
-1.22,7.46,6.20
-1.23,7.46,6.19
-1.22,7.46,6.20
-1.23,7.46,6.20
-1.22,7.46,6.20
-1.22,7.46,6.20
-1.22,7.46,6.20
-1.22,7.46,6.19
-1.22,7.46,6.20
-1.20,7.51,6.13
-0.99,7.95,5.63
-1.03,7.96,5.62
-1.16,7.77,5.83
-1.17,7.67,5.96
-1.11,7.67,5.94
-1.14,7.50,6.15
-1.20,7.40,6.23
-1.32,7.40,6.31
-1.31,7.44,6.23
-1.24,7.48,6.15
-1.18,7.52,6.14
-1.13,7.49,6.20
-1.09,7.49,6.16
-1.09,7.48,6.17
-1.09,7.52,6.15
-1.09,7.45,6.24
-1.11,7.34,6.34
-1.09,7.38,6.35
-1.10,7.46,6.21
-1.05,7.64,6.00
-1.09,7.42,6.27
-0.62,7.52,6.29
0.01,7.67,6.10
0.38,7.38,6.60
0.67,7.66,6.21
0.26,7.97,5.82
-0.63,8.09,5.48
-0.65,8.17,5.39
-0.68,8.11,5.54
-0.75,7.92,5.61
-0.88,7.86,5.85
-0.99,7.71,5.90
-1.11,7.40,6.34
-1.19,7.20,6.38
-1.16,7.19,6.52
-1.18,7.30,6.34
-1.12,7.44,6.24
-1.07,7.55,6.21
-1.02,7.47,6.10
-0.96,7.27,6.44
-1.31,7.03,6.62
-1.32,6.91,6.71
-1.39,7.12,6.62
-1.43,6.50,7.37
-1.26,6.79,6.98
-1.21,7.16,6.62
-1.11,7.29,6.39
-1.23,7.11,6.64
-1.22,6.86,6.80
-1.15,6.91,6.90
-1.06,7.10,6.64
-1.18,6.98,6.74
-1.48,7.11,6.59
-1.45,6.90,6.84
-1.49,7.21,6.48
-1.55,7.61,5.96
-1.37,7.89,5.65
-1.29,7.44,6.24
-0.84,7.68,5.91
-0.65,8.18,5.20
-0.57,7.99,5.28
-0.70,7.70,5.63
-0.85,7.91,6.19
-0.92,7.72,6.69
-0.81,7.29,6.63
-1.13,7.25,7.24
-1.09,7.08,6.89
-1.79,6.34,7.06
-2.06,6.60,7.01
-1.65,7.09,6.61
-1.10,7.38,6.26
-0.76,7.01,6.78
-1.02,6.76,7.02
-0.54,7.75,5.94
-0.44,7.98,5.66
-0.82,7.24,6.51
-0.80,7.24,6.50
-0.65,7.58,6.14
-0.65,7.59,6.12
-0.65,7.58,6.12
-0.66,7.58,6.12
-0.65,7.58,6.12
-0.65,7.59,6.12
-0.59,7.74,5.95
-0.60,7.74,5.94
-0.81,7.27,6.47
-0.68,7.55,6.15
-0.68,7.57,6.13
-0.67,7.57,6.13
-0.68,7.57,6.13
-0.68,7.57,6.13
-0.67,7.58,6.13
-0.37,8.27,5.34
-0.45,8.11,5.47
-0.53,7.97,5.66
-0.39,7.82,5.83
-0.39,7.71,6.02
-0.38,7.93,5.85
-0.60,7.85,5.89
-0.90,7.58,6.10
-0.82,7.62,6.09
-0.79,7.85,5.77
-1.08,7.42,6.24
-1.06,7.56,6.05
-1.04,7.41,6.19
-1.06,7.53,6.05
-0.88,7.92,5.67
-0.79,7.91,5.77
-0.71,7.68,5.81
-0.86,7.60,6.02
-0.80,7.19,6.35
-0.91,7.10,6.36
-0.84,7.27,6.67
-0.56,7.18,6.58
-0.60,7.13,6.88
-0.83,6.54,7.40
-1.07,6.51,7.39
-1.52,6.46,7.37
-1.09,7.22,6.55
-1.35,6.98,6.71
-1.29,7.08,6.58
-1.57,6.92,6.77
-1.38,7.40,6.21
-1.30,7.59,6.02
-1.39,7.34,6.33
-1.62,6.97,6.69
-1.53,7.10,6.55
-1.64,6.91,6.76
-1.70,6.77,6.88
-1.41,7.37,6.27
-1.40,7.38,6.24
-1.40,7.38,6.25
-1.40,7.38,6.24
-1.40,7.38,6.24
-1.40,7.38,6.25
-1.40,7.38,6.24
-1.40,7.37,6.24
-1.40,7.38,6.25
-1.40,7.37,6.24
-1.40,7.37,6.24
-1.40,7.38,6.24
-1.40,7.37,6.24
-1.40,7.38,6.24
-1.40,7.38,6.24
-1.40,7.38,6.24
-1.41,7.37,6.24
-1.40,7.38,6.24
-1.41,7.37,6.24
-1.40,7.38,6.25
-1.29,7.64,5.95
-1.17,7.91,5.64
-1.56,7.02,6.63
-1.58,7.06,6.61
-1.48,7.25,6.37
-1.41,7.40,6.23
-1.23,7.79,5.78
-1.11,8.06,5.46
-1.22,7.91,5.66
-1.12,8.07,5.45
-1.23,7.81,5.76
-1.25,7.67,5.91
-1.39,7.48,6.14
-1.53,7.27,6.35
-1.54,7.39,6.21
-1.62,7.37,6.22
-1.69,7.25,6.37
-1.41,7.79,5.72
-1.38,7.71,5.82
-1.62,7.19,6.41
-1.58,7.18,6.45
-1.20,7.40,6.23
-0.69,7.49,6.35
-0.20,7.44,6.44
0.81,7.05,6.93
0.71,6.96,6.86
-0.64,7.65,5.98
-0.96,7.78,5.86
-1.03,7.71,5.88
-1.17,7.40,6.32
-1.41,6.91,6.83
-1.29,6.97,6.68
-1.18,7.25,6.39
-1.50,7.67,5.92
-1.59,7.72,5.61
-2.46,7.69,5.57
-3.01,7.82,5.47
-1.63,8.05,5.68
-1.08,7.90,5.69
-1.39,7.87,5.64
-1.43,7.65,5.85
-1.41,7.65,5.85
-1.75,7.48,5.93
-1.77,7.59,5.99
-1.84,7.51,5.99
-2.02,7.53,6.00
-2.13,7.34,6.06
-2.09,7.35,6.18
-1.76,7.45,6.03
-1.70,7.51,6.06
-1.73,7.02,6.52
-1.00,7.30,6.43
-0.78,7.40,6.25
-1.07,7.33,6.37
-1.60,7.34,6.44
-1.55,6.73,6.94
-1.80,6.04,7.71
-1.66,5.87,7.95
-1.48,6.22,7.57
-1.23,6.75,7.03
-0.98,7.34,6.36
-0.98,7.35,6.37
-0.98,7.35,6.36
-0.99,7.35,6.36
-0.97,7.35,6.37
-0.98,7.35,6.36
-0.98,7.35,6.36
-0.98,7.35,6.36
-0.98,7.35,6.36
-0.98,7.35,6.36
-0.98,7.35,6.36
-0.98,7.35,6.36
-0.98,7.35,6.36
-0.98,7.35,6.36
-0.97,7.35,6.36
-0.98,7.35,6.36
-0.98,7.35,6.36
-0.98,7.35,6.36
-0.97,7.35,6.36
-0.98,7.35,6.36
-0.98,7.35,6.36
-0.98,7.35,6.36
-0.98,7.35,6.36
-0.98,7.35,6.36
-0.97,7.35,6.37
-0.97,7.35,6.36
-0.98,7.35,6.36
-0.97,7.35,6.36
-0.98,7.35,6.36
-0.98,7.35,6.36
-0.98,7.35,6.36
-0.95,7.41,6.30
-0.74,7.86,5.78
-0.52,8.39,5.19
-0.81,8.15,5.39
-0.96,8.06,5.47
-1.59,8.05,5.35
-1.69,7.88,5.65
-1.03,7.91,5.76
-0.98,7.83,5.83
-1.09,7.35,6.15
-1.24,7.44,6.18
-0.97,7.66,6.19
-0.78,7.34,6.07
-0.89,7.44,6.50
-0.75,7.46,6.28
-1.05,7.46,6.33
-1.34,6.88,6.82
-1.32,6.55,7.23
-1.41,6.76,6.95
-1.37,7.22,6.40
-0.79,7.36,6.40
-0.41,7.58,6.16
-0.71,7.44,6.35
-0.93,7.51,6.27
-1.14,7.48,6.11
-0.96,7.44,6.18
-0.83,7.23,6.41
-0.79,7.14,6.62
-1.00,7.35,6.31
-1.02,7.59,6.12
-0.82,7.63,6.19
-0.70,7.37,6.26
-0.93,7.51,6.19
-0.98,7.48,6.26
-1.55,7.57,5.98
-1.33,7.59,5.95
-1.26,7.67,5.89
-1.27,7.57,6.09
-1.14,7.46,6.19
-1.01,7.33,6.42
-0.77,7.33,6.30
-1.42,7.43,6.25
-1.01,7.49,6.22
-0.83,7.40,6.36
-0.78,7.30,6.39
-0.97,7.23,6.44
-0.96,7.15,6.63
-1.47,6.34,7.45
-1.68,5.84,8.00
-1.50,6.07,7.75
-1.36,6.38,7.41
-1.26,6.64,7.14
-0.98,7.30,6.41
-0.85,7.55,6.14
-0.87,7.55,6.13
-1.12,6.97,6.79
-1.10,7.00,6.74
-1.00,7.27,6.45
-1.00,7.27,6.45
-0.86,7.59,6.10
-0.78,7.77,5.89
-1.06,7.12,6.62
-0.91,7.44,6.26
-1.18,6.82,6.94
-1.11,7.00,6.75
-1.09,7.05,6.68
-1.00,7.27,6.46
-1.00,7.27,6.45
-1.00,7.27,6.45
-1.00,7.27,6.45
-1.00,7.27,6.45
-1.00,7.27,6.45
-1.00,7.27,6.45
-1.01,7.27,6.45
-1.01,7.27,6.45
-1.00,7.27,6.45
-1.00,7.27,6.46
-1.00,7.27,6.45
-1.00,7.27,6.45
-1.00,7.27,6.45
-1.00,7.27,6.45
-1.00,7.27,6.45
-1.00,7.27,6.45
-1.00,7.27,6.45
-1.00,7.27,6.46
-1.00,7.27,6.45
-1.01,7.27,6.45
-1.00,7.27,6.45
-1.00,7.26,6.46
-1.00,7.27,6.45
-1.01,7.27,6.45
-1.00,7.27,6.45
-0.99,7.27,6.45
-1.00,7.27,6.45
-1.00,7.27,6.45
-1.00,7.27,6.45
-1.00,7.27,6.45
-1.00,7.27,6.45
-1.00,7.27,6.45
-1.00,7.27,6.46
-1.01,7.27,6.45
-1.01,7.27,6.45
-1.00,7.27,6.45
-1.01,7.27,6.45
-1.01,7.27,6.45
-1.01,7.27,6.45
-1.01,7.27,6.45
-1.00,7.27,6.45
-1.00,7.27,6.45
-0.91,7.48,6.22
-0.88,7.52,6.16
-0.97,7.40,6.30
-1.13,6.99,6.75
-1.13,6.99,6.77
-1.01,7.27,6.44
-1.01,7.27,6.44
-1.01,7.27,6.44
-1.02,7.27,6.45
-1.01,7.27,6.44
-1.01,7.27,6.45
-1.01,7.27,6.44
-1.01,7.27,6.45
-1.01,7.28,6.44
-1.01,7.27,6.45
-1.01,7.27,6.44
-0.87,7.56,6.12
-0.77,7.79,5.86
-0.90,7.56,6.11
-0.93,7.38,6.35
-1.06,7.23,6.49
-1.10,7.07,6.66
-0.89,7.57,6.12
-0.73,7.90,5.74
-0.66,7.80,5.87
-0.76,7.42,6.32
-0.77,7.24,6.50
-0.92,7.28,6.46
-0.71,7.65,6.01
-0.62,7.68,6.05
-0.74,7.49,6.17
-0.66,7.39,6.35
-0.46,7.57,6.15
-0.50,7.50,6.32
-0.59,7.33,6.32
-0.85,7.44,6.28
-0.85,7.61,6.13
-0.91,7.66,5.98
-0.83,7.85,5.98
-0.58,7.66,5.87
-0.50,7.58,6.08
-0.62,7.26,6.36
-0.75,7.24,6.67
-1.28,6.52,7.30
-1.44,6.19,7.62
-1.49,6.61,7.17
-1.15,7.32,6.35
-1.19,6.99,6.76
-1.25,6.96,6.77
-1.12,7.28,6.44
-1.15,7.26,6.43
-1.14,7.22,6.49
-0.99,7.55,6.12
-1.22,7.05,6.67
-1.12,7.30,6.39
-1.19,7.11,6.62
-1.08,7.36,6.32
-1.08,7.37,6.31
-1.08,7.38,6.31
-1.08,7.37,6.31
-1.08,7.37,6.31
-1.08,7.38,6.31
-1.07,7.37,6.31
-1.07,7.38,6.31
-1.08,7.37,6.31
-1.08,7.37,6.31
-1.08,7.38,6.31
-1.07,7.37,6.31
-1.08,7.37,6.31
-1.07,7.38,6.31
-1.08,7.38,6.31
-1.08,7.37,6.31
-1.08,7.37,6.31
-1.08,7.37,6.31
-1.07,7.38,6.31
-1.08,7.37,6.31
-1.08,7.37,6.31
-1.08,7.37,6.31
-1.07,7.37,6.31
-1.04,7.45,6.22
-0.94,7.66,5.98
-1.17,7.16,6.55
-1.13,7.23,6.47
-1.07,7.38,6.31
-1.07,7.38,6.30
-1.07,7.38,6.31
-1.07,7.38,6.30
-1.06,7.38,6.31
-1.07,7.38,6.30
-1.07,7.38,6.30
-1.07,7.38,6.30
-1.07,7.38,6.31
-1.07,7.38,6.30
-1.07,7.38,6.30
-1.07,7.38,6.30
-1.07,7.38,6.30
-1.07,7.38,6.30
-1.07,7.38,6.30
-1.07,7.38,6.31
-1.06,7.38,6.31
-1.07,7.38,6.30
-1.07,7.38,6.31
-1.07,7.38,6.30
-1.07,7.38,6.30
-1.07,7.38,6.30
-1.06,7.38,6.31
-1.06,7.38,6.30
-1.07,7.38,6.30
-1.06,7.38,6.30
-1.07,7.38,6.30
-1.07,7.38,6.31
-1.07,7.38,6.30
-1.07,7.38,6.30
-1.06,7.38,6.30
-1.06,7.38,6.30
-1.07,7.38,6.31
-1.07,7.38,6.30
-1.07,7.38,6.30
-1.06,7.38,6.30
-1.07,7.38,6.30
-1.07,7.38,6.30
-1.07,7.38,6.30
-1.07,7.38,6.30
-1.07,7.38,6.30
-1.07,7.38,6.30
-1.07,7.38,6.30
-1.07,7.38,6.30
-1.07,7.38,6.30
-1.07,7.38,6.31
-1.07,7.38,6.30
-1.07,7.38,6.30
-1.07,7.38,6.30
-1.07,7.38,6.30
-1.07,7.38,6.30
-1.07,7.38,6.31
-1.07,7.38,6.30
-1.06,7.38,6.30
-1.07,7.38,6.30
-1.07,7.38,6.30
-1.07,7.38,6.30
-1.07,7.38,6.30
-1.07,7.38,6.30
-1.07,7.38,6.30
-1.07,7.38,6.30
-1.07,7.38,6.30
-1.07,7.38,6.30
-1.07,7.38,6.30
-1.07,7.38,6.30
-1.07,7.38,6.30
-1.05,7.43,6.24
-0.82,7.89,5.74
-0.78,7.92,5.70
-0.75,7.91,5.70
-0.87,7.65,6.03
-1.04,7.37,6.32
-0.89,7.57,6.09
-0.90,7.53,6.16
-1.09,7.29,6.41
-0.96,7.43,6.25
-0.96,7.36,6.34
-0.92,7.32,6.43
-1.11,6.94,6.80
-1.08,7.09,6.67
-0.89,7.57,6.13
-1.16,7.20,6.50
-1.06,7.39,6.26
-0.94,7.74,5.87
-1.11,7.47,6.18
-1.36,7.05,6.69
-1.27,7.14,6.55
-1.11,7.38,6.24
-1.14,7.40,6.31
-1.22,7.39,6.29
-1.18,7.38,6.26
-1.20,7.27,6.43
-1.38,6.79,6.94
-1.37,6.75,7.00
-1.24,7.09,6.62
-1.13,7.38,6.29
-1.13,7.37,6.29
-1.13,7.38,6.30
-1.13,7.38,6.30
-1.13,7.38,6.30
-1.13,7.38,6.30
-1.13,7.38,6.30
-1.13,7.38,6.29
-1.13,7.38,6.29
-1.13,7.38,6.30
-1.14,7.38,6.30
-1.14,7.38,6.29
-1.13,7.38,6.29
-1.13,7.38,6.30
-1.13,7.38,6.30
-1.13,7.38,6.29
-1.13,7.38,6.29
-1.13,7.38,6.30
-1.13,7.38,6.29
-1.13,7.38,6.29
-1.13,7.38,6.29
-1.13,7.38,6.30
-1.13,7.38,6.30
-1.14,7.38,6.30
-1.13,7.38,6.29
-1.13,7.38,6.29
-1.13,7.38,6.30
-1.13,7.38,6.30
-1.13,7.38,6.29
-1.13,7.38,6.29
-1.13,7.38,6.30
-1.13,7.38,6.30
-1.13,7.38,6.29
-1.13,7.38,6.30
-1.13,7.38,6.29
-1.13,7.38,6.29
-1.13,7.38,6.30
-1.13,7.38,6.30
-1.13,7.38,6.29
-1.13,7.38,6.29
-1.13,7.38,6.30
-1.13,7.37,6.30
-1.14,7.38,6.30
-1.14,7.38,6.29
-1.14,7.38,6.30
-1.14,7.38,6.29
-1.14,7.38,6.30
-1.13,7.38,6.30
-1.13,7.38,6.30
-1.13,7.38,6.30
-1.14,7.38,6.30
-1.14,7.38,6.30
-1.14,7.38,6.30
-1.14,7.38,6.29
-1.14,7.38,6.29
-1.14,7.38,6.29
-1.13,7.38,6.29
-1.14,7.37,6.29
-1.14,7.38,6.29
-1.13,7.38,6.30
-1.14,7.38,6.29
-1.13,7.38,6.29
-1.13,7.38,6.30
-1.13,7.38,6.29
-1.13,7.38,6.30
-1.14,7.38,6.30
-1.13,7.38,6.29
-1.14,7.38,6.29
-1.13,7.38,6.29
-1.13,7.38,6.29
-1.13,7.38,6.29
-1.14,7.38,6.29
-1.14,7.38,6.29
-1.14,7.38,6.29
-1.13,7.37,6.29
-1.13,7.38,6.30
-1.13,7.38,6.29
-1.14,7.38,6.29
-1.14,7.38,6.29
-1.13,7.38,6.30
-1.14,7.38,6.29
-1.13,7.38,6.30
-1.14,7.38,6.29
-1.13,7.38,6.30
-1.13,7.38,6.30
-1.13,7.38,6.29
-1.13,7.38,6.30
-1.13,7.38,6.30
-1.14,7.38,6.29
-1.14,7.38,6.30
-1.13,7.38,6.30
-1.14,7.38,6.29
-1.13,7.38,6.30
-1.13,7.38,6.29
-1.13,7.38,6.29
-1.13,7.38,6.30
-1.13,7.38,6.30
-1.14,7.38,6.29
-1.14,7.38,6.29
-1.13,7.38,6.30
-1.14,7.38,6.30
-1.13,7.38,6.29
-1.13,7.38,6.30
-1.13,7.38,6.29
-1.00,7.64,6.00
-1.12,7.40,6.27
-1.08,7.48,6.18
-0.97,7.70,5.93
-1.00,7.66,5.97
-1.20,7.30,6.40
-1.14,7.51,6.12
-1.07,7.66,5.96
-1.17,7.64,5.97
-0.76,8.34,5.17
-1.15,7.67,6.00
-1.21,7.29,6.35
-1.07,7.51,6.13
-0.99,7.75,5.88
-1.15,7.75,5.79
-1.14,7.44,6.30
-1.08,7.15,6.57
-1.08,7.03,6.68
-1.16,7.01,6.75
-1.02,7.31,6.37
-1.10,7.47,6.26
-0.82,7.59,6.05
-0.76,7.76,5.81
-0.90,7.43,6.41
-1.01,7.23,6.45
-0.98,7.41,6.25
-0.71,8.37,5.18
-0.77,8.46,5.13
-0.99,8.30,5.20
-0.90,8.01,5.28
-0.80,8.12,5.56
-1.09,8.00,5.58
-1.28,7.61,6.06
-1.28,7.58,5.89
-0.94,7.69,6.11
-1.17,7.36,6.20
-1.20,7.43,6.28
-1.32,7.28,6.18
-1.22,7.29,6.46
-1.24,7.16,6.51
-1.38,6.84,7.01
-1.30,7.02,6.57
-1.12,7.37,6.32
-1.35,7.40,6.07
-1.36,7.46,6.37
-1.42,7.20,6.28
-1.45,7.00,6.77
-1.46,6.79,6.93
-1.56,6.61,7.10
-1.45,6.76,6.98
-1.29,6.98,6.76
-1.33,6.81,6.91
-1.60,6.35,7.39
-1.50,6.46,7.33
-1.26,6.95,6.78
-1.19,7.13,6.57
-1.16,7.05,6.67
-1.36,6.60,7.16
-1.03,7.41,6.27
-1.04,7.39,6.29
-1.04,7.39,6.30
-1.04,7.39,6.30
-1.04,7.39,6.30
-1.04,7.38,6.30
-1.04,7.39,6.30
-1.04,7.39,6.30
-1.04,7.38,6.30
-1.04,7.39,6.30
-1.03,7.39,6.30
-1.03,7.39,6.30
-1.03,7.39,6.30
-1.03,7.39,6.30
-1.04,7.39,6.30
-1.04,7.38,6.30
-1.04,7.39,6.30
-1.03,7.39,6.30
-1.04,7.38,6.30
-1.03,7.38,6.30
-1.04,7.38,6.30
-1.04,7.39,6.30
-1.04,7.39,6.30
-1.04,7.38,6.30
-1.04,7.38,6.30
-1.04,7.39,6.30
-1.05,7.39,6.30
-1.05,7.39,6.30
-1.04,7.39,6.30
-1.04,7.39,6.30
-1.05,7.38,6.30
-1.04,7.39,6.30
-1.04,7.38,6.30
-1.04,7.39,6.30
-1.04,7.39,6.30
-1.04,7.38,6.30
-1.04,7.38,6.30
-1.04,7.38,6.30
-1.05,7.38,6.30
-1.05,7.39,6.30
-1.05,7.38,6.30
-1.05,7.39,6.30
-1.05,7.39,6.30
-1.05,7.39,6.30
-1.04,7.38,6.30
-1.05,7.39,6.30
-1.05,7.39,6.30
-1.05,7.38,6.30
-1.05,7.38,6.30
-1.05,7.39,6.30
-1.05,7.38,6.30
-1.05,7.39,6.30
-1.05,7.39,6.30
-1.05,7.39,6.30
-1.06,7.38,6.30
-1.05,7.38,6.30
-1.05,7.38,6.30
-1.05,7.39,6.29
-0.90,7.71,5.94
-0.64,8.20,5.36
-0.68,8.12,5.46
-0.65,8.12,5.48
-0.89,7.95,5.66
-1.00,7.68,5.96
-1.00,7.79,5.85
-1.05,7.65,5.93
-1.00,7.87,5.76
-1.09,7.92,5.60
-1.86,7.60,5.84
-1.49,7.57,5.93
-0.82,7.83,5.82
-0.64,7.74,5.86
-0.71,7.62,6.10
-0.73,7.63,6.04
-0.89,7.30,6.43
-0.94,7.15,6.60
-1.13,7.17,6.59
-1.24,7.25,6.34
-1.50,6.90,6.89
-1.79,6.44,7.31
-1.46,7.02,6.62
-1.19,7.23,6.46
-1.25,7.42,6.24
-1.27,7.44,6.19
-0.93,8.00,5.57
-1.38,8.04,5.45
-1.64,8.17,5.27
-1.04,8.13,5.49
-0.92,7.97,5.53
-0.75,7.86,5.75
-0.76,7.84,5.84
-0.95,7.63,6.04
-1.29,7.30,6.38
-1.30,7.39,6.20
-1.33,7.44,6.17
-1.44,7.43,6.10
-1.33,7.40,6.11
-1.26,7.39,6.32
-1.42,6.67,6.84
-1.43,6.96,6.74
-1.52,7.01,6.64
-1.36,7.22,6.44
-1.27,7.37,6.24
-1.29,7.36,6.28
-1.47,6.96,6.76
-1.68,6.51,7.25
-1.41,7.11,6.58
-1.33,7.26,6.38
-1.37,7.25,6.36
-1.43,7.01,6.73
-1.35,6.87,6.84
-1.15,7.33,6.31
-1.25,7.75,5.85
-1.47,7.48,6.10
-1.48,7.41,6.19
-1.41,7.29,6.37
-1.63,7.33,6.25
-1.43,7.02,6.64
-1.51,6.94,6.73
-1.73,6.33,7.43
-1.64,6.56,7.15
-1.21,7.50,6.13
-1.23,7.46,6.18
-1.23,7.46,6.18
-1.23,7.45,6.17
-1.23,7.46,6.17
-1.23,7.46,6.18
-1.23,7.46,6.17
-1.23,7.46,6.17
-1.23,7.46,6.18
-1.23,7.46,6.18
-1.23,7.46,6.18
-1.23,7.46,6.17
-1.23,7.46,6.18
-1.23,7.46,6.17
-1.24,7.46,6.17
-1.24,7.46,6.17
-1.23,7.46,6.18
-1.23,7.46,6.18
-1.23,7.46,6.17
-1.23,7.46,6.18
-1.23,7.46,6.17
-1.23,7.46,6.17
-1.24,7.46,6.17
-1.23,7.46,6.17
-1.23,7.46,6.17
-1.23,7.46,6.18
-1.23,7.46,6.18
-1.23,7.46,6.17
-1.23,7.46,6.17
-1.23,7.46,6.17
-1.22,7.46,6.18
-1.23,7.46,6.17
-1.22,7.46,6.17
-1.22,7.46,6.17
-1.24,7.46,6.17
-1.22,7.46,6.18
-1.23,7.46,6.17
-1.23,7.46,6.17
-1.23,7.46,6.17
-1.23,7.46,6.17
-1.23,7.46,6.17
-1.23,7.46,6.17
-1.23,7.46,6.17
-1.23,7.46,6.17
-1.23,7.46,6.18
-1.23,7.46,6.17
-1.23,7.46,6.17
-1.23,7.46,6.18
-1.23,7.46,6.17
-1.23,7.46,6.18
-1.23,7.46,6.17
-1.23,7.46,6.17
-1.23,7.46,6.17
-1.23,7.46,6.17
-1.23,7.46,6.18
-1.23,7.46,6.17
-1.23,7.46,6.18
-1.23,7.46,6.18
-1.24,7.46,6.17
-1.23,7.46,6.17
-1.23,7.46,6.18
-1.23,7.46,6.17
-1.23,7.46,6.17
-1.23,7.46,6.17
-1.24,7.46,6.17
-1.23,7.46,6.18
-1.23,7.46,6.17
-1.24,7.46,6.17
-1.24,7.46,6.17
-1.23,7.46,6.17
-1.23,7.46,6.17
-1.24,7.46,6.17
-1.23,7.46,6.17
-1.23,7.46,6.18
-1.23,7.46,6.17
-1.23,7.46,6.17
-1.23,7.46,6.18
-1.24,7.46,6.17
-1.23,7.46,6.17
-1.23,7.46,6.18
-1.23,7.46,6.17
-1.23,7.46,6.18
-1.24,7.46,6.17
-1.24,7.46,6.17
-1.20,7.54,6.09
-1.03,7.86,5.73
-1.05,7.91,5.67
-1.19,7.68,5.86
-0.92,8.25,5.31
-0.86,8.22,5.27
-0.86,8.19,5.38
-0.96,7.92,5.69
-1.10,7.59,6.01
-1.06,7.86,5.67
-1.41,7.64,5.99
-1.54,7.43,6.11
-1.93,7.59,5.91
-2.43,7.42,5.99
-2.54,7.45,5.90
-3.09,7.29,5.93
-2.90,6.80,6.59
-2.21,7.41,6.02
-2.39,8.21,5.14
-1.23,8.33,5.14
-0.75,8.09,5.45
-0.98,7.58,6.08
-1.33,6.89,6.85
-1.42,6.84,6.79
-1.52,6.60,7.12
-1.34,7.03,6.65
-1.10,7.33,6.41
-1.13,7.39,6.27
-1.33,7.19,6.51
-1.35,6.97,6.70
-1.30,7.28,6.34
-1.41,7.15,6.56
-1.27,7.28,6.36
-1.18,7.49,6.12
-1.41,7.14,6.57
-1.35,7.19,6.45
-1.60,6.59,7.13
-1.64,6.48,7.25
-1.10,7.27,6.42
-1.10,7.27,6.40
-1.05,7.30,6.41
-1.19,7.90,5.66
-1.57,7.77,5.72
-1.81,7.51,6.05
-1.26,7.40,6.22
-1.30,7.39,6.17
-1.47,7.30,6.28
-1.78,7.10,6.61
-1.70,6.56,7.11
-1.69,6.92,6.73
-1.76,6.90,6.72
-1.81,6.76,6.90
-1.54,7.17,6.45
-1.48,7.23,6.37
-1.54,7.19,6.44
-1.47,7.30,6.32
-1.37,7.46,6.13
-1.35,7.50,6.09
-1.28,7.68,5.90
-0.96,8.29,5.23
-1.06,8.01,5.47
-1.08,8.16,5.37
-1.16,7.89,5.66
-1.20,7.79,5.80
-1.11,7.68,5.97
-0.90,7.85,5.69
-1.08,7.55,6.07
-1.28,7.62,5.98
-1.29,7.39,6.22
-1.71,6.78,6.89
-1.39,7.27,6.41
-1.40,7.32,6.35
-1.59,6.91,6.78
-1.55,7.09,6.55
-1.50,7.13,6.50
-1.47,7.07,6.59
-1.48,7.07,6.59
-1.48,7.30,6.31
-1.41,7.38,6.22
-1.72,6.80,6.88
-1.83,6.54,7.14
-1.61,6.96,6.68
-1.52,7.13,6.52
-1.53,7.13,6.52
-1.37,7.49,6.10
-1.29,7.66,5.92
-1.30,7.62,5.95
-0.94,8.28,5.23
-0.77,8.64,4.83
-0.78,8.61,4.80
-0.93,8.02,5.37
-1.34,7.29,6.33
-1.58,7.04,6.71
-1.37,7.14,6.56
-1.12,7.31,6.38
-1.23,7.28,6.30
-1.20,7.55,6.14
-1.11,7.69,5.82
-1.44,7.30,6.44
-1.49,7.33,6.24
-1.24,7.60,5.95
-1.19,7.74,5.85
-1.28,7.45,6.16
-1.33,7.36,6.28
-1.19,7.37,6.30
-1.23,7.47,6.14
-1.42,7.11,6.53
-1.52,7.04,6.57
-1.21,7.35,6.34
-1.08,7.51,6.18
-1.27,7.47,6.13
-1.50,7.37,6.25
-1.24,7.42,6.27
-1.09,7.59,5.95
-1.13,7.51,6.13
-1.14,7.47,6.04
-1.27,7.58,6.13
-1.28,7.55,6.11
-1.30,7.33,6.25
-1.41,7.25,6.44
-1.38,7.31,6.28
-1.33,7.44,6.19
-1.30,7.40,6.27
-1.33,7.38,6.28
-1.30,7.33,6.30
-1.35,7.59,5.98
-1.24,7.60,5.97
-1.29,7.47,6.14
-1.39,7.34,6.30
-1.41,7.15,6.55
-1.23,7.28,6.35
-1.04,7.42,6.22
-1.16,7.40,6.22
-1.37,7.28,6.44
-1.22,7.36,6.27
-1.56,6.82,6.89
-1.44,7.11,6.50
-1.44,7.16,6.52
-1.15,7.87,5.67
-1.25,7.56,6.05
-1.27,7.50,6.09
-1.25,7.40,6.25
-1.32,7.41,6.22
-1.30,7.39,6.25
-1.30,7.43,6.20
-1.32,7.37,6.21
-1.41,7.37,6.20
-1.64,7.18,6.45
-1.43,7.58,5.99
-1.40,7.41,6.27
-1.43,7.26,6.38
-1.48,7.01,6.61
-1.66,6.64,7.06
-1.52,6.97,6.71
-1.47,7.01,6.66
-1.38,7.23,6.40
-1.28,7.43,6.20
-1.29,7.43,6.20
-1.29,7.43,6.19
-1.29,7.43,6.19
-1.29,7.43,6.20
-1.29,7.43,6.19
-1.29,7.43,6.20
-1.29,7.43,6.20
-1.29,7.43,6.19
-1.29,7.43,6.20
-1.29,7.43,6.20
-1.29,7.43,6.19
-1.29,7.43,6.19
-1.29,7.43,6.19
-1.29,7.43,6.19
-1.29,7.43,6.20
-1.29,7.43,6.20
-1.29,7.43,6.20
-1.29,7.43,6.19
-1.29,7.43,6.19
-1.29,7.43,6.19
-1.30,7.43,6.19
-1.29,7.43,6.20
-1.29,7.43,6.20
-1.29,7.43,6.19
-1.29,7.43,6.20
-1.29,7.43,6.19
-1.28,7.43,6.19
-1.29,7.42,6.20
-1.29,7.43,6.19
-1.28,7.43,6.19
-1.29,7.43,6.19
-1.29,7.43,6.20
-1.29,7.43,6.19
-1.29,7.43,6.20
-1.29,7.43,6.19
-1.29,7.43,6.20
-1.29,7.43,6.19
-1.29,7.43,6.20
-1.29,7.43,6.19
-1.29,7.43,6.20
-1.29,7.43,6.19
-1.29,7.43,6.19
-1.29,7.43,6.19
-1.29,7.43,6.20
-1.29,7.43,6.19
-1.28,7.43,6.19
-1.29,7.43,6.19
-1.29,7.43,6.20
-1.29,7.43,6.19
-1.13,7.78,5.79
-1.09,7.93,5.62
-1.01,7.86,5.71
-1.09,7.85,5.71
-1.13,7.77,5.81
-1.28,7.68,5.92
-1.21,7.58,5.99
-1.13,7.84,5.76
-1.24,7.78,5.71
-1.46,7.32,6.32
-1.36,7.46,6.05
-1.22,7.91,5.75
-1.16,7.62,5.90
-1.01,8.14,5.37
-1.13,7.87,5.72
-1.29,7.73,5.85
-1.25,7.75,5.80
-1.14,7.92,5.69
-1.24,7.76,5.70
-1.26,7.81,5.91
-1.07,7.66,5.83
-1.15,7.34,6.32
-1.14,7.12,6.44
-1.49,7.14,6.67
-1.42,7.02,6.56
-1.10,7.46,6.21
-1.14,7.46,6.18
-1.30,7.22,6.45
-1.31,7.32,6.31
-1.43,7.48,6.12
-1.73,7.72,5.84
-1.01,8.34,5.05
-0.07,8.68,4.84
0.42,8.78,4.82
-0.55,8.53,4.92
-1.24,7.57,6.14
-1.19,7.42,6.29
-1.30,7.13,6.38
-1.33,7.07,6.71
-1.40,6.88,6.72
-1.32,7.20,6.51
-1.38,7.23,6.34
-1.34,7.58,6.01
-1.33,7.36,6.26
-1.17,7.40,6.27
-1.11,7.58,6.00
-1.21,7.71,5.87
-1.01,7.82,5.90
-1.21,7.54,5.92
-1.11,7.71,5.88
-1.13,7.74,5.84
-1.23,7.73,5.86
-1.06,7.58,5.99
-1.14,7.70,6.07
-1.13,7.50,5.97
-1.31,7.39,6.36
-1.35,7.34,6.14
-1.39,7.30,6.49
-1.40,7.17,6.40
-1.41,7.10,6.30
-1.33,7.29,6.60
-1.29,7.22,6.51
-1.44,7.19,6.40
-1.48,6.75,6.97
-1.34,7.04,6.70
-1.27,7.10,6.48
-1.28,7.19,6.55
-1.22,7.14,6.41
-1.27,7.30,6.28
-1.20,7.43,6.22
-1.26,7.37,6.27
-1.30,7.32,6.36
-1.39,7.20,6.39
-1.63,6.61,7.08
-1.64,6.73,7.01
-2.02,5.76,8.00
-1.58,6.76,6.95
-1.36,7.30,6.27
-1.33,7.38,6.31
-1.27,7.36,6.21
-1.20,7.38,6.20
-1.28,7.40,6.27
-1.16,7.48,6.15
-1.05,7.81,5.78
-1.12,7.77,5.81
-1.27,7.38,6.25
-1.39,6.94,6.77
-1.32,7.08,6.57
-1.35,7.15,6.52
-1.42,7.01,6.68
-1.43,7.09,6.60
-1.64,6.60,7.05
-1.65,6.65,7.05
-1.64,6.61,7.12
-1.67,6.41,7.31
-2.00,5.70,8.09
-1.73,6.31,7.44
-1.21,7.40,6.22
-1.25,7.35,6.29
-1.24,7.35,6.29
-1.25,7.35,6.29
-1.24,7.35,6.29
-1.24,7.35,6.29
-1.25,7.35,6.29
-1.25,7.35,6.29
-1.24,7.35,6.30
-1.24,7.35,6.29
-1.24,7.35,6.29
-1.24,7.35,6.29
-1.24,7.35,6.29
-1.24,7.35,6.29
-1.24,7.35,6.29
-1.24,7.35,6.29
-1.24,7.35,6.29
-1.24,7.35,6.29
-1.24,7.35,6.29
-1.24,7.35,6.29
-1.24,7.35,6.29
-1.25,7.35,6.29
-1.25,7.35,6.29
-1.24,7.35,6.29
-1.25,7.35,6.29
-1.24,7.35,6.29
-1.25,7.35,6.28
-1.25,7.35,6.29
-1.24,7.35,6.29
-1.24,7.35,6.29
-1.24,7.35,6.29
-1.24,7.35,6.29
-1.24,7.35,6.29
-1.25,7.35,6.29
-1.24,7.35,6.29
-1.24,7.35,6.29
-1.24,7.35,6.29
-1.24,7.35,6.29
-1.24,7.35,6.29
-1.24,7.36,6.29
-1.24,7.35,6.29
-1.24,7.35,6.29
-1.24,7.35,6.29
-1.25,7.35,6.29
-1.25,7.35,6.29
-1.24,7.35,6.29
-1.25,7.35,6.29
-1.25,7.35,6.29
-1.24,7.35,6.29
-1.24,7.35,6.29
-1.24,7.35,6.29
-1.25,7.35,6.29
-1.24,7.35,6.29
-1.25,7.35,6.29
-1.25,7.35,6.29
-1.24,7.35,6.29
-1.24,7.36,6.28
-1.04,7.79,5.80
-0.91,8.12,5.42
-0.81,8.30,5.20
-0.81,8.18,5.38
-0.71,8.36,5.15
-0.79,8.15,5.39
-0.71,8.17,5.44
-0.74,8.03,5.53
-1.00,7.91,5.65
-1.00,7.86,5.77
-0.99,7.81,5.82
-1.11,7.52,6.09
-1.30,7.34,6.33
-1.20,7.50,6.21
-1.10,7.64,6.09
-0.85,7.64,5.95
-0.81,7.72,5.84
-0.97,7.62,6.00
-1.12,7.25,6.38
-1.01,7.51,6.19
-0.95,7.65,5.93
-1.04,7.54,6.14
-0.95,7.62,6.02
-0.90,7.63,6.01
-0.90,7.67,5.98
-1.00,7.37,6.25
-0.88,7.58,6.11
-0.97,7.38,6.35
-0.91,7.56,6.12
-0.71,7.91,5.63
-0.63,8.30,5.39
-0.93,7.27,6.29
-0.88,7.60,6.07
-0.68,7.81,6.19
-0.53,7.95,5.95
-0.50,8.11,5.88
-0.80,7.98,6.01
-0.76,7.90,6.00
-0.93,7.54,6.16
-1.01,7.83,5.92
-1.04,7.88,5.45
-1.28,7.35,6.00
-1.32,7.22,6.24
-1.34,7.13,6.19
-1.19,7.41,6.10
-1.11,7.57,5.83
-0.96,7.74,5.49
-1.03,7.91,5.58
-1.03,7.88,5.64
-1.28,7.79,5.80
-1.45,7.43,6.17
-1.58,7.32,6.40
-1.55,7.24,6.37
-1.46,7.27,6.35
-1.38,7.29,6.37
-1.26,7.23,6.46
-1.25,7.17,6.54
-1.26,7.19,6.39
-1.09,7.34,6.27
-1.14,7.18,6.13
-1.27,7.11,6.36
-1.40,7.12,6.32
-1.31,7.14,6.29
-1.23,7.30,6.15
-1.26,7.01,6.28
-1.29,7.09,6.41
-1.29,7.18,6.54
-1.32,7.12,6.44
-1.23,7.15,6.58
-0.78,6.98,6.60
-0.77,7.19,6.81
-0.73,7.06,6.73
-0.86,7.28,6.86
-0.67,7.28,6.91
-0.66,7.27,6.96
-0.95,7.11,6.61
-1.02,7.22,6.64
-0.83,7.12,6.55
-0.77,7.13,6.65
-0.60,7.15,6.68
-0.79,7.25,6.53
-0.90,7.40,6.34
-0.88,7.39,6.26
-1.29,7.43,6.34
-1.24,7.62,6.05
-0.99,7.45,6.04
-0.67,7.53,6.03
-1.05,8.15,5.51
-0.94,8.16,5.35
-1.05,7.75,5.72
-1.30,7.38,6.30
-1.25,7.20,6.47
-1.07,7.34,6.32
-1.22,7.55,6.04
-1.14,7.76,5.84
-1.18,7.87,5.64
-1.41,7.45,6.15
-1.23,7.19,6.50
-0.85,7.44,6.22
-0.63,7.63,6.03
-0.86,7.42,6.29
-1.15,7.39,6.25
-1.12,7.64,5.97
-1.00,7.74,5.84
-0.94,7.88,5.75
-0.96,7.91,5.82
-1.14,7.40,6.06
-1.14,7.37,5.87
-1.05,7.59,6.28
-1.16,7.34,6.36
-1.14,7.26,6.38
-1.02,7.35,6.31
-1.06,7.13,6.56
-1.12,7.06,6.58
-1.28,7.16,6.59
-1.01,7.30,6.33
-1.11,7.17,6.50
-1.03,7.23,6.43
-0.98,7.32,6.42
-1.27,7.20,6.52
-1.18,7.01,6.52
-1.13,7.09,6.65
-1.16,7.13,6.53
-1.07,7.17,6.55
-1.12,7.16,6.51
-1.32,6.81,6.93
-1.31,6.68,7.04
-1.19,6.67,7.13
-1.07,7.21,6.52
-1.12,7.38,6.32
-1.12,7.42,6.14
-1.28,7.27,6.35
-1.14,7.33,6.35
-1.09,7.26,6.43
-1.11,7.19,6.50
-1.11,7.26,6.50
-1.25,7.13,6.38
-1.16,7.40,6.39
-1.01,7.58,6.13
-0.97,7.60,5.94
-1.01,7.66,5.95
-1.16,7.59,6.04
-1.08,7.59,6.00
-1.01,7.59,6.07
-1.02,7.62,6.03
-0.94,7.61,5.97
-1.05,7.70,5.86
-0.99,7.56,6.03
-1.05,7.61,6.09
-1.12,7.59,6.09
-1.12,7.33,6.29
-1.17,7.24,6.41
-1.24,7.24,6.44
-1.16,7.35,6.31
-1.30,6.99,6.64
-1.39,6.90,6.80
-1.26,7.15,6.57
-1.08,7.35,6.35
-1.15,7.33,6.31
-1.14,7.41,6.24
-1.06,7.57,6.00
-1.09,7.48,6.12
-1.07,7.50,6.10
-1.10,7.39,6.34
-1.14,7.61,6.14
-1.00,7.50,5.93
-1.00,7.47,6.21
-1.11,7.51,6.24
-1.08,7.52,6.17
-1.17,7.17,6.35
-1.22,7.46,6.35
-1.24,7.32,6.22
-1.26,7.49,6.06
-1.32,7.47,6.23
-1.26,7.41,6.34
-1.20,7.31,6.25
-1.20,7.33,6.32
-1.20,7.35,6.29
-1.16,7.29,6.29
-1.24,7.41,6.30
-1.25,7.38,6.28
-1.17,7.37,6.24
-1.08,7.40,6.23
-1.14,7.50,6.25
-1.13,7.35,6.19
-1.12,7.43,6.24
-1.13,7.42,6.15
-1.16,7.51,6.19
-1.11,7.50,6.14
-1.14,7.52,6.11
-1.20,7.53,6.10
-1.25,7.51,6.12
-1.07,7.47,6.09
-1.11,7.49,6.12
-1.10,7.49,6.18
-1.12,7.48,6.17
-1.14,7.42,6.18
-1.11,7.45,6.16
-1.16,7.51,6.26
-1.18,7.38,6.14
-1.26,7.55,6.36
-1.16,7.26,6.25
-1.14,7.31,6.22
-1.27,7.28,6.46
-1.22,7.20,6.50
-1.33,7.12,6.50
-1.38,7.11,6.45
-1.37,7.24,6.56
-1.31,7.13,6.57
-1.31,7.07,6.53
-1.27,7.14,6.57
-1.30,7.12,6.51
-1.24,7.14,6.57
-1.27,7.10,6.49
-1.19,7.31,6.39
-1.14,7.41,6.26
-1.09,7.53,6.14
-0.92,7.47,6.02
-0.96,7.62,6.20
-0.87,7.57,6.01
-1.16,7.42,6.28
-1.02,7.47,6.19
-1.03,7.25,6.40
-1.15,7.39,6.42
-1.11,7.46,6.07
-1.07,7.42,6.10
-1.13,7.58,6.10
-1.08,7.53,6.11
-1.02,7.58,6.06
-0.94,7.55,6.04
-0.98,7.54,6.07
-1.01,7.63,6.05
-0.86,7.58,5.99
-0.94,7.60,6.06
-1.04,7.57,6.08
-0.95,7.56,6.09
-1.08,7.60,6.06
-1.14,7.60,6.04
-0.97,7.54,6.03
-1.24,7.57,6.09
-1.22,7.32,6.30
-1.32,7.41,6.24
-1.28,7.45,6.16
-1.29,7.24,6.52
-1.21,7.19,6.35
-1.32,7.16,6.50
-1.40,7.10,6.55
-1.31,7.17,6.44
-1.21,7.39,6.28
-1.24,7.20,6.33
-1.34,7.24,6.58
-1.37,7.02,6.39
-1.25,7.34,6.52
-1.19,7.32,6.38
-1.47,6.81,6.69
-1.94,6.03,7.84
-2.17,5.17,8.64
-1.98,5.87,7.77
-1.29,7.30,6.42
-1.22,7.29,6.44
-1.13,7.50,6.06
-1.07,7.61,5.96
-1.12,7.48,6.10
-1.15,7.43,6.16
-1.22,7.38,6.34
-1.51,6.86,6.71
-1.34,7.06,6.57
-1.33,7.23,6.47
-1.35,7.22,6.44
-1.37,7.09,6.57
-1.36,6.93,6.74
-1.38,6.92,6.78
-1.31,7.12,6.57
-1.40,6.86,6.84
-1.40,6.79,6.93
-1.38,6.90,6.78
-1.56,6.60,7.11
-1.80,6.24,7.49
-1.23,7.23,6.44
-1.18,7.28,6.37
-1.17,7.37,6.27
-1.15,7.28,6.40
-1.14,7.33,6.36
-1.13,7.32,6.34
-1.14,7.25,6.42
-1.12,7.34,6.36
-1.14,7.32,6.36
-1.14,7.34,6.29
-1.12,7.41,6.26
-1.14,7.39,6.26
-1.18,7.26,6.39
-1.13,7.37,6.33
-1.08,7.43,6.20
-0.91,7.67,5.95
-0.83,7.81,5.85
-0.86,7.87,5.71
-0.81,7.97,5.60
-0.84,8.11,5.46
-0.86,8.10,5.40
-0.94,7.85,5.74
-1.09,7.43,6.25
-1.15,7.30,6.37
-1.19,7.25,6.42
-1.16,7.23,6.41
-1.27,6.99,6.78
-1.40,6.70,6.96
-1.13,7.22,6.46
-1.01,7.36,6.33
-0.97,7.48,6.15
-0.95,7.54,6.09
-1.07,7.40,6.26
-0.98,7.69,5.96
-0.96,7.75,5.85
-1.01,7.80,5.77
-1.06,7.61,6.03
-1.06,7.42,6.21
-0.97,7.62,6.02
-0.99,7.54,6.12
-0.94,7.55,6.09
-0.90,7.72,5.91
-0.88,7.70,5.91
-0.81,7.71,5.92
-0.85,7.71,5.92
-0.93,7.57,6.03
-0.94,7.80,5.84
-1.13,7.44,6.20
-1.12,7.51,6.06
-1.05,7.57,6.09
-1.09,7.24,6.43
-1.11,7.15,6.49
-1.02,7.32,6.36
-0.98,7.56,6.08
-0.99,7.61,6.04
-1.02,7.58,6.04
-0.81,7.71,5.89
-0.92,7.51,6.18
-1.03,7.60,6.02
-0.82,7.67,5.95
-0.86,7.43,6.30
-1.08,7.31,6.26
-0.94,7.51,6.22
-0.77,7.26,6.45
-0.74,7.56,6.03
-0.79,7.94,5.68
-1.07,7.86,5.73
-1.19,7.56,6.12
-1.17,7.45,6.21
-1.32,7.15,6.39
-1.42,7.18,6.47
-1.22,7.14,6.54
-1.09,7.46,6.19
-0.97,7.69,5.98
-1.14,7.35,6.22
-1.15,7.43,6.24
-1.29,7.32,6.31
-1.34,7.19,6.47
-1.22,6.70,6.96
-1.86,5.00,8.98
-2.34,4.25,9.64
-1.43,6.61,7.06
-1.47,6.71,7.04
-1.16,7.39,6.25
-1.15,7.60,5.95
-1.06,8.02,5.57
-1.12,8.19,5.29
-1.44,7.57,5.99
-1.42,7.39,6.20
-1.38,7.08,6.60
-1.64,6.48,7.22
-1.58,6.62,7.08
-1.37,7.24,6.36
-1.47,7.09,6.65
-1.28,7.28,6.34
-1.04,7.80,5.78
-0.97,7.84,5.75
-1.13,7.46,6.15
-1.11,7.47,6.20
-1.03,7.48,6.11
-1.11,7.44,6.24
-1.26,7.37,6.23
-1.18,7.42,6.21
-1.03,7.77,5.83
-1.20,7.50,6.14
-1.13,7.56,5.98
-1.23,7.43,6.23
-1.15,7.55,6.01
-1.15,7.73,5.88
-1.29,7.59,5.91
-1.28,7.76,5.74
-1.55,7.68,5.88
-1.40,7.64,5.88
-1.02,7.75,5.88
-0.83,8.21,5.29
-1.22,7.60,6.01
-0.83,7.43,6.24
-0.73,7.78,5.87
-0.53,7.89,5.68
-0.59,8.06,5.57
-0.92,7.94,5.62
-1.32,7.44,6.20
-1.29,7.31,6.28
-1.13,7.47,6.09
-1.22,7.39,6.35
-1.13,7.59,6.00
-1.32,7.38,6.29
-1.38,7.19,6.45
-1.37,7.18,6.47
-1.24,7.09,6.44
-2.05,5.52,8.41
-1.90,5.96,7.78
-1.92,5.88,7.93
-1.50,7.02,6.67
-1.83,6.90,6.68
-1.20,7.43,6.24
-0.66,7.74,5.87
-0.59,8.14,5.48
-1.21,8.21,5.21
-1.44,7.44,6.18
-1.19,7.53,6.14
-1.19,7.32,6.36
-1.30,7.13,6.61
-1.57,6.45,7.18
-1.79,6.16,7.62
-1.53,6.89,6.78
-1.65,6.51,7.23
-1.57,6.82,6.86
-1.43,7.08,6.59
-1.45,6.88,6.84
-1.69,6.27,7.46
-1.90,5.88,7.89
-1.64,6.49,7.22
-1.54,6.68,7.02
-1.37,7.06,6.62
-1.13,7.57,6.05
-1.28,7.24,6.41
-1.28,7.24,6.43
-1.30,7.16,6.50
-1.01,7.86,5.72
-1.00,7.85,5.74
-1.15,7.53,6.08
-1.05,7.76,5.83
-0.88,8.12,5.42
-0.97,7.95,5.61
-1.12,7.65,5.92
-1.18,7.52,6.10
-1.01,7.87,5.70
-0.93,8.03,5.56
-1.03,7.73,5.87
-1.03,7.66,5.92
-0.97,7.84,5.76
-0.99,7.81,5.81
-1.02,7.87,5.67
-0.96,7.79,5.84
-1.00,7.74,5.85
-1.21,7.56,6.03
-1.24,7.48,6.15
-1.23,7.50,6.09
-1.32,7.35,6.33
-1.42,7.14,6.47
-1.34,7.26,6.39
-1.29,7.42,6.20
-1.31,7.32,6.34
-1.40,7.18,6.49
-1.34,7.25,6.39
-1.39,7.11,6.54
-1.40,7.08,6.57
-1.41,6.96,6.75
-1.53,6.72,6.96
-1.49,6.88,6.80
-1.28,7.35,6.26
-1.27,7.37,6.27
-1.25,7.41,6.23
-1.14,7.63,5.96
-1.03,7.86,5.69
-1.15,7.64,5.96
-1.02,7.98,5.57
-0.95,8.10,5.44
-1.09,7.86,5.70
-1.12,7.75,5.87
-1.06,7.80,5.70
-1.13,7.75,5.86
-1.08,7.79,5.74
-1.14,7.74,5.87
-1.24,7.61,5.97
-1.27,7.53,6.11
-1.30,7.43,6.17
-1.35,7.34,6.26
-1.23,7.59,6.04
-1.34,7.37,6.25
-1.38,7.24,6.39
-1.11,7.78,5.79
-1.05,7.89,5.69
-1.12,7.72,5.84
-1.21,7.58,6.00
-1.14,7.67,5.92
-1.18,7.62,5.97
-1.16,7.63,5.95
-1.21,7.57,6.04
-1.42,7.12,6.54
-1.25,7.12,6.57
-1.16,7.30,6.37
-0.93,7.85,5.69
-1.00,8.04,5.48
-1.29,7.30,6.30
-1.41,7.26,6.41
-1.45,7.22,6.39
-1.21,7.77,5.80
-1.01,7.81,5.76
-1.21,7.80,5.69
-1.32,7.63,5.92
-1.43,7.23,6.42
-1.40,7.17,6.49
-1.06,7.69,5.94
-1.00,7.90,5.65
-1.21,7.43,6.16
-1.26,7.37,6.25
-1.29,7.33,6.30
-1.36,7.19,6.47
-1.19,7.55,6.04
-1.33,7.29,6.36
-1.32,7.29,6.34
-1.22,7.50,6.12
-1.15,7.69,5.88
-1.17,7.65,5.93
-1.25,7.47,6.15
-1.06,7.82,5.76
-1.21,7.56,6.05
-1.09,7.87,5.64
-1.19,7.60,5.97
-1.23,7.56,6.04
-1.04,8.05,5.49
-1.05,7.91,5.63
-1.33,7.42,6.20
-1.48,7.13,6.50
-1.31,7.58,6.03
-1.09,7.97,5.55
-1.06,7.92,5.61
-1.21,7.52,6.05
-1.24,7.47,6.14
-1.28,7.42,6.20
-1.25,7.49,6.14
-1.25,7.54,6.04
-1.28,7.49,6.11
-1.41,7.24,6.37
-1.10,7.81,5.74
-1.16,7.66,5.92
-1.17,7.61,6.03
-1.15,7.61,6.00
-1.18,7.65,5.92
-1.28,7.40,6.22
-1.13,7.69,5.89
-1.14,7.74,5.82
-1.19,7.67,5.91
-1.39,7.21,6.41
-1.23,7.56,6.05
-1.32,7.30,6.33
-1.18,7.58,6.00
-1.22,7.48,6.12
-1.29,7.27,6.38
-1.15,7.58,6.04
-1.10,7.69,5.89
-1.03,7.79,5.77
-1.15,7.61,6.00
-1.20,7.48,6.14
-1.27,7.41,6.23
-1.18,7.59,6.00
-1.34,7.26,6.36
-1.18,7.60,6.00
-1.19,7.52,6.10
-1.38,7.23,6.40
-1.32,7.35,6.28
-1.28,7.47,6.15
-1.47,6.96,6.71
-1.30,7.37,6.28
-1.29,7.38,6.25
-1.27,7.38,6.25
-1.25,7.41,6.22
-1.18,7.50,6.10
-1.04,7.83,5.73
-1.08,7.77,5.80
-1.18,7.51,6.09
-1.19,7.51,6.11
-1.19,7.50,6.11
-1.08,7.76,5.86
-0.97,7.93,5.61
-1.14,7.60,6.02
-1.15,7.57,6.02
-1.08,7.69,5.90
-1.18,7.49,6.14
-1.27,7.24,6.42
-1.21,7.43,6.20
-1.32,7.18,6.47
-1.12,7.63,5.97
-1.02,7.88,5.69
-0.99,8.01,5.52
-1.02,7.94,5.59
-1.13,7.65,5.94
-1.09,7.73,5.84
-1.02,7.97,5.58
-0.98,7.99,5.56
-1.16,7.58,6.01
-1.30,7.39,6.22
-1.19,7.54,6.06
-1.31,7.30,6.35
-1.25,7.44,6.21
-1.33,7.19,6.45
-1.16,7.58,6.01
-1.13,7.64,5.93
-1.32,7.35,6.25
-1.29,7.32,6.25
-1.15,7.43,6.26
-1.23,7.36,6.31
-1.28,7.24,6.42
-1.23,7.43,6.17
-1.23,7.46,6.17
-1.11,7.73,5.89
-1.09,7.62,5.94
-1.26,7.32,6.33
-1.11,7.60,6.03
-1.17,7.53,6.09
-1.23,7.47,6.12
-1.19,7.55,6.07
-1.19,7.55,6.05
-1.14,7.59,6.02
-1.09,7.72,5.87
-0.93,8.05,5.49
-1.08,7.76,5.82
-1.33,7.27,6.35
-1.33,7.32,6.37
-1.18,7.60,5.96
-1.28,7.37,6.24
-1.19,7.61,6.03
-1.14,7.67,5.89
-1.14,7.67,5.89
-1.15,7.67,5.94
-1.24,7.48,6.12
-1.37,7.15,6.47
-1.25,7.48,6.17
-1.35,7.29,6.33
-1.40,7.20,6.43
-1.30,7.43,6.18
-1.34,7.39,6.22
-1.28,7.46,6.15
-1.25,7.49,6.13
-1.23,7.50,6.12
-1.00,7.98,5.55
-0.98,8.01,5.54
-1.03,7.87,5.69
-1.25,7.40,6.20
-1.27,7.37,6.29
-1.00,7.99,5.55
-1.06,7.80,5.76
-1.13,7.68,5.90
-1.17,7.63,5.95
-1.18,7.57,6.03
-0.58,7.94,5.70
-0.37,8.04,5.53
-0.90,8.95,4.36
-1.37,8.52,4.84
-1.24,8.03,5.42
-1.01,7.29,6.40
-1.04,7.14,6.55
-1.81,7.96,5.47
-1.57,7.83,5.61
-1.53,7.46,6.13
-1.96,6.16,7.57
-2.07,5.92,7.84
-1.88,6.30,7.41
-1.53,6.94,6.70
-1.35,7.19,6.46
-1.67,6.49,7.19
-1.41,7.06,6.60
-1.38,7.05,6.64
-1.39,7.01,6.65
-1.23,7.35,6.30
-1.25,7.37,6.26
-1.15,7.58,6.04
-1.09,7.73,5.85
-1.21,7.52,6.09
-1.21,7.53,6.07
-1.18,7.59,6.02
-1.11,7.67,5.93
-1.11,7.68,5.93
-1.17,7.53,6.08
-1.26,7.30,6.34
-1.12,7.58,6.04
-1.16,7.52,6.10
-1.20,7.49,6.11
-1.23,7.45,6.19
-1.21,7.51,6.11
-1.15,7.54,6.06
-1.09,7.68,5.93
-1.14,7.56,6.03
-1.13,7.58,6.03
-1.15,7.58,6.04
-1.21,7.57,6.06
-1.19,7.43,6.16
-1.37,7.23,6.43
-1.35,7.23,6.41
-1.23,7.49,6.14
-1.34,7.24,6.40
-1.24,7.40,6.22
-1.04,7.87,5.68
-0.86,8.20,5.32
-1.07,7.78,5.79
-1.09,7.81,5.75
-1.04,7.81,5.76
-0.92,7.96,5.62
-0.91,7.84,5.71
-1.36,7.14,6.51
-1.63,6.84,6.81
-1.60,6.96,6.67
-1.41,7.32,6.30
-1.59,6.89,6.77
-1.88,6.30,7.41
-1.43,7.32,6.30
-1.18,7.77,5.78
-1.23,7.64,5.93
-1.14,7.78,5.80
-1.22,7.62,5.95
-1.10,7.84,5.70
-0.86,8.29,5.21
-0.98,8.03,5.48
-0.88,8.09,5.45
-0.90,8.08,5.46
-0.92,7.99,5.54
-1.09,7.86,5.70
-1.03,8.04,5.49
-1.17,7.69,5.84
-1.41,7.28,6.39
-1.34,7.35,6.23
-1.43,7.26,6.40
-1.29,7.44,6.17
-1.34,7.18,6.48
-1.39,7.02,6.60
-1.39,7.01,6.64
-1.41,7.18,6.49
-1.54,6.93,6.74
-1.48,6.99,6.66
-1.39,7.20,6.45
-1.31,7.34,6.29
-1.36,7.26,6.35
-1.37,7.21,6.42
-1.22,7.54,6.08
-1.22,7.50,6.11
-1.22,7.41,6.20
-1.13,7.63,5.98
-0.94,7.96,5.60
-1.02,7.84,5.72
-0.96,8.09,5.45
-0.98,7.98,5.58
-1.10,7.80,5.75
-1.25,7.46,6.15
-1.35,7.31,6.31
-1.20,7.54,6.05
-1.14,7.75,5.85
-1.01,7.91,5.62
-1.07,7.82,5.71
-1.11,7.83,5.79
-1.15,7.78,5.79
-1.15,7.69,5.88
-1.26,7.48,6.13
-1.11,7.83,5.75
-1.14,7.66,5.89
-1.33,7.37,6.27
-1.40,7.17,6.46
-1.38,7.16,6.49
-1.22,7.52,6.08
-1.22,7.48,6.16
-1.21,7.50,6.11
-1.14,7.66,5.91
-1.07,7.84,5.71
-1.23,7.58,6.06
-1.14,7.76,5.80
-1.10,8.00,5.48
-1.18,7.88,5.68
-1.15,7.88,5.64
-1.09,8.02,5.52
-1.21,7.72,5.86
-1.38,7.25,6.39
-1.40,7.16,6.48
-1.40,7.14,6.52
-1.29,7.33,6.33
-1.31,7.31,6.30
-1.28,7.40,6.24
-1.20,7.59,5.95
-1.08,7.79,5.79
-1.11,7.91,5.60
-1.11,7.87,5.72
-1.14,7.86,5.63
-1.30,7.50,6.14
-1.27,7.41,6.21
-1.32,7.40,6.23
-1.44,7.22,6.39
-1.35,7.43,6.18
-1.37,7.38,6.20
-1.28,7.47,6.12
-1.34,7.39,6.23
-1.42,7.19,6.47
-1.56,6.84,6.77
-2.03,6.03,7.71
-1.36,7.29,6.32
-1.28,7.42,6.20
-1.21,7.48,6.13
-1.17,7.53,6.08
-1.23,7.45,6.18
-1.21,7.46,6.15
-1.06,7.84,5.74
-0.94,8.04,5.49
-0.90,8.16,5.34
-0.92,8.13,5.40
-0.94,8.09,5.40
-0.90,8.22,5.32
-0.91,8.12,5.40
-0.94,8.14,5.32
-1.00,8.10,5.48
-1.03,7.86,5.67
-1.24,7.44,6.17
-1.37,7.27,6.39
-1.62,6.68,6.98
-1.35,7.16,6.49
-1.22,7.58,6.00
-1.08,7.90,5.65
-1.06,7.91,5.63
-1.15,7.70,5.88
-1.10,7.74,5.79
-0.96,7.99,5.58
-1.01,7.93,5.61
-0.92,8.05,5.50
-0.97,7.89,5.67
-0.89,7.96,5.57
-1.09,7.77,5.89
-1.35,7.25,6.31
-1.43,7.20,6.41
-1.36,7.21,6.45
-1.28,7.30,6.40
-1.10,7.59,5.94
-0.93,7.88,5.71
-0.94,8.00,5.58
-0.96,7.97,5.53
-1.11,7.77,5.86
-1.25,7.53,6.03
-1.46,7.27,6.33
-1.46,7.24,6.42
-1.43,7.19,6.40
-1.44,7.20,6.41
-1.42,7.44,6.18
-1.20,7.70,5.82
-1.14,7.90,5.58
-1.22,7.96,5.60
-1.23,8.03,5.50
-1.03,8.06,5.37
-1.06,8.13,5.36
-1.35,7.46,6.20
-1.63,6.27,7.41
-1.92,6.19,7.48
-1.99,6.42,7.23
-1.68,6.92,6.76
-1.60,7.00,6.66
-1.45,7.39,6.22
-0.95,8.26,5.16
-0.93,8.28,5.16
-0.92,8.63,4.78
-0.66,8.92,4.45
-0.64,8.66,4.77
-0.75,8.33,5.14
-0.85,8.02,5.50
-0.88,8.04,5.62
-0.99,7.62,5.87
-1.17,7.50,6.07
-1.45,7.39,6.41
-1.25,7.18,6.34
-1.18,7.21,6.41
-1.21,7.28,6.45
-1.25,6.98,6.61
-1.39,6.70,7.05
-1.12,7.28,6.36
-1.75,6.02,7.77
-2.16,5.28,8.56
-1.53,6.56,7.15
-1.23,7.27,6.39
-1.16,7.38,6.27
-0.96,7.75,5.86
-0.68,8.34,5.15
-0.73,8.18,5.33
-0.93,7.88,5.70
-1.26,7.26,6.42
-1.01,7.78,5.83
-1.10,7.48,6.18
-0.85,7.83,5.73
-0.84,7.79,5.80
-0.93,7.70,5.92
-1.34,6.82,6.90
-1.15,7.17,6.53
-0.99,7.41,6.28
-0.87,7.65,5.98
-0.70,7.91,5.64
-0.73,7.85,5.77
-0.82,7.64,6.02
-0.92,7.22,6.57
-0.99,7.25,6.42
-0.74,7.64,5.96
-0.65,7.83,5.80
-0.79,7.50,6.18
-0.69,7.61,5.95
-1.10,6.87,7.00
-1.89,5.21,8.66
-1.37,6.40,7.35
-0.94,7.34,6.34
-0.88,7.53,6.14
-0.80,7.69,5.94
-0.83,7.73,5.91
-0.88,7.66,5.98
-0.69,8.06,5.52
-0.59,8.19,5.36
-0.60,8.15,5.41
-0.63,8.13,5.44
-0.78,7.86,5.74
-0.81,7.69,5.93
-0.90,7.61,6.02
-1.12,7.14,6.56
-0.96,7.40,6.27
-0.84,7.56,6.12
-0.68,7.83,5.76
-0.73,7.64,6.03
-0.75,7.53,6.16
-0.74,7.52,6.16
-0.82,7.42,6.24
-0.85,7.45,6.25
-0.90,7.27,6.44
-0.77,7.67,5.97
-0.72,7.77,5.87
-0.47,8.06,5.52
-0.61,7.82,5.81
-0.45,8.06,5.52
-0.57,7.90,5.70
-0.72,7.63,6.07
-0.83,7.37,6.37
-0.63,7.69,5.93
-0.72,7.49,6.15
-0.83,7.27,6.46
-0.71,7.32,6.36
-0.77,7.08,6.66
-0.85,7.08,6.68
-0.85,6.96,6.74
-0.68,7.35,6.37
-0.71,7.38,6.33
-0.78,7.25,6.46
-0.82,7.22,6.51
-0.75,7.26,6.46
-0.60,7.69,5.96
-0.87,7.18,6.56
-0.80,7.16,6.59
-0.73,7.28,6.41
-0.85,6.98,6.76
-0.70,7.37,6.34
-0.58,7.63,6.04
-0.38,8.09,5.51
-0.27,8.23,5.35
-0.60,7.62,6.04
-0.77,7.33,6.42
-0.45,7.83,5.79
-0.48,7.85,5.78
-0.54,7.65,6.01
-0.70,7.32,6.42
-0.60,7.47,6.22
-0.62,7.49,6.22
-0.63,7.50,6.19
-0.62,7.60,6.09
-0.64,7.76,5.91
-0.61,7.79,5.82
-0.56,7.85,5.76
-0.49,8.02,5.61
-0.59,7.70,5.94
-0.52,7.73,5.91
-0.56,7.72,5.95
-0.58,7.66,5.99
-0.65,7.56,6.15
-0.51,7.78,5.87
-0.50,7.82,5.80
-0.42,8.04,5.56
-0.57,7.75,5.87
-0.78,7.23,6.50
-0.71,7.35,6.40
-0.78,7.25,6.47
-0.80,7.28,6.40
-0.70,7.52,6.20
-0.62,7.69,5.95
-0.63,7.63,6.02
-0.79,7.38,6.33
-0.75,7.42,6.27
-0.78,7.40,6.28
-0.73,7.44,6.23
-0.69,7.56,6.15
-0.43,7.92,5.70
-0.54,7.77,5.86
-0.68,7.39,6.31
-0.74,7.30,6.40
-0.71,7.49,6.21
-0.77,7.36,6.31
-0.78,7.39,6.33
-0.83,7.17,6.55
-0.83,7.09,6.60
-0.82,7.26,6.46
-0.43,8.09,5.50
-0.66,7.91,5.64
-0.62,7.99,5.61
-0.74,7.81,5.83
-0.84,7.47,6.20
-0.98,6.98,6.75
-0.86,7.18,6.55
-0.79,7.27,6.40
-0.42,8.13,5.48
-0.44,8.08,5.56
-0.72,7.44,6.22
-0.68,7.63,6.01
-0.63,7.72,5.96
-0.62,7.69,5.94
-0.58,7.93,5.71
-0.56,7.83,5.81
-0.67,7.64,5.99
-0.67,7.63,6.03
-0.66,7.63,6.03
-0.83,7.50,6.18
-0.78,7.53,6.10
-0.72,7.59,6.09
-0.83,7.46,6.22
-0.74,7.61,6.04
-0.63,7.78,5.86
-0.50,7.81,5.84
-0.65,7.56,6.07
-0.71,7.47,6.27
-0.67,7.61,6.04
-0.57,7.85,5.76
-0.66,8.02,5.63
-0.83,7.81,5.76
-0.86,7.66,5.97
-0.89,7.64,5.97
-0.91,7.66,5.96
-0.92,7.66,5.97
-0.87,7.45,6.20
-0.80,7.60,6.06
-0.73,7.80,5.80
-0.75,7.78,5.82
-0.74,7.79,5.77
-0.83,7.87,5.77
-0.83,7.89,5.73
-0.83,8.01,5.59
-0.77,8.10,5.38
-0.79,8.04,5.47
-0.87,8.05,5.51
-0.87,8.05,5.44
-1.02,8.03,5.63
-0.88,7.72,5.78
-0.83,7.52,6.14
-1.03,7.31,6.35
-1.25,6.96,6.74
-1.07,7.37,6.26
-1.09,7.78,5.83
-1.15,7.53,6.01
-1.18,7.32,6.30
-1.17,7.40,6.22
-1.04,7.69,5.90
-1.01,7.76,5.84
-1.11,7.57,6.03
-1.03,7.71,5.88
-1.17,7.64,5.95
-1.34,7.43,6.20
-1.36,7.21,6.38
-1.27,7.33,6.31
-1.17,7.63,5.93
-1.21,7.47,6.16
-1.32,7.22,6.40
-1.22,7.46,6.15
-0.93,8.07,5.41
-0.79,8.39,5.10
-0.99,7.97,5.55
-0.92,8.15,5.38
-0.94,8.11,5.38
-0.97,8.03,5.47
-1.07,8.03,5.55
-1.11,7.94,5.56
-1.17,7.72,5.84
-1.34,7.42,6.21
-1.27,7.39,6.14
-1.22,7.65,5.93
-1.16,7.87,5.69
-1.24,7.60,5.94
-1.30,7.58,5.98
-1.24,7.71,5.80
-1.12,7.95,5.58
-1.08,8.03,5.44
-1.06,8.11,5.40
-1.11,8.04,5.45
-1.04,8.16,5.31
-1.00,8.10,5.38
-1.16,8.00,5.55
-1.11,7.91,5.56
-1.12,7.90,5.58
-1.22,7.65,5.95
-1.37,7.31,6.29
-1.40,7.27,6.34
-1.41,7.31,6.25
-1.35,7.44,6.16
-1.12,8.05,5.48
-0.94,8.26,5.22
-0.88,8.30,5.13
-1.09,7.89,5.60
-1.19,7.77,5.84
-1.31,7.38,6.22
-1.15,7.65,5.93
-1.12,7.89,5.63
-1.11,7.85,5.65
-1.25,7.50,6.09
-1.38,7.24,6.36
-1.35,7.41,6.20
-1.35,7.37,6.20
-1.27,7.65,5.89
-1.33,7.57,6.01
-1.15,7.94,5.57
-1.26,7.66,5.87
-1.25,7.74,5.80
-1.17,7.89,5.59
-1.19,7.94,5.57
-1.15,7.93,5.57
-1.32,7.67,5.87
-1.31,7.76,5.76
-1.18,7.66,5.96
-1.05,7.61,5.89
-1.22,7.80,5.70
-1.35,7.85,5.68
-1.27,7.96,5.51
-1.21,8.09,5.42
-1.03,7.99,5.47
-1.30,7.49,6.11
-1.31,7.41,6.19
-1.37,7.26,6.30
-1.44,7.28,6.34
-1.48,7.40,6.18
-1.35,7.72,5.79
-1.15,8.03,5.46
-1.12,8.06,5.38
-1.17,8.01,5.54
-1.16,7.95,5.55
-1.15,7.95,5.58
-1.08,7.89,5.57
-1.15,7.79,5.71
-1.35,7.43,6.21
-1.37,7.39,6.19
-1.37,7.34,6.22
-1.41,7.39,6.16
-1.27,7.84,5.68
-1.35,7.72,5.86
-1.24,7.85,5.64
-1.36,7.99,5.51
-1.54,7.33,6.15
-1.88,6.81,6.89
-1.53,7.26,6.30
-1.32,7.65,5.88
-1.21,7.67,5.85
-1.27,7.49,6.07
-1.11,7.88,5.67
-0.97,8.09,5.39
-1.08,7.97,5.57
-1.04,8.03,5.45
-1.04,8.11,5.41
-0.98,8.06,5.44
-0.99,8.03,5.42
-0.94,8.19,5.26
-1.00,8.31,5.24
-1.23,7.85,5.67
-1.48,7.55,6.04
-1.57,7.09,6.45
-1.85,6.47,7.23
-1.90,6.48,7.12
-1.73,6.88,6.74
-1.63,7.14,6.43
-1.55,7.36,6.22
-1.55,7.33,6.23
-1.47,7.42,6.15
-1.27,7.71,5.82
-0.94,8.31,5.13
-0.87,8.38,5.08
-0.90,8.26,5.21
-1.06,7.90,5.61
-1.00,8.02,5.48
-1.20,7.70,5.82
-1.32,7.72,5.85
-1.34,7.66,5.89
-1.50,7.20,6.39
-1.37,7.56,6.02
-1.50,7.16,6.36
-1.57,7.14,6.50
-1.31,7.65,5.89
-1.05,8.23,5.22
-1.10,8.20,5.28
-1.19,7.83,5.68
-1.26,7.49,6.05
-1.17,7.75,5.80
-1.18,7.80,5.72
-1.36,7.56,5.99
-1.29,7.69,5.87
-1.09,8.10,5.33
-1.19,7.97,5.51
-1.42,7.38,6.22
-1.53,7.15,6.46
-1.42,7.33,6.25
-1.32,7.61,5.96
-1.14,7.96,5.55
-1.04,8.19,5.27
-1.09,8.13,5.37
-1.08,8.06,5.40
-1.15,7.94,5.56
-1.26,7.72,5.82
-1.35,7.58,5.99
-1.20,7.76,5.76
-1.32,7.51,6.04
-1.50,7.15,6.46
-1.48,7.24,6.42
-1.29,7.60,5.92
-1.04,8.12,5.33
-1.17,7.92,5.62
-1.24,7.72,5.79
-1.16,7.90,5.67
-1.09,7.85,5.61
-1.25,7.57,6.02
-1.44,7.14,6.51
-1.31,7.40,6.18
-1.26,7.74,5.79
-1.16,7.88,5.64
-1.16,7.85,5.66
-1.15,7.86,5.66
-1.29,7.53,6.05
-1.35,7.46,6.10
-1.24,7.74,5.82
-1.35,7.49,6.05
-1.50,7.29,6.30
-1.50,7.27,6.30
-1.21,7.87,5.65
-1.01,8.32,5.10
-0.97,8.41,5.03
-1.23,7.85,5.67
-1.45,7.57,5.99
-1.41,7.58,5.91
-1.24,7.79,5.74
-1.30,7.70,5.81
-1.42,7.46,6.10
-1.41,7.58,5.94
-1.38,7.67,5.87
-1.45,7.56,5.96
-1.43,7.61,5.91
-1.42,7.68,5.83
-1.19,8.03,5.43
-1.12,8.22,5.22
-1.34,7.74,5.72
-1.43,7.46,6.13
-1.49,7.46,6.11
-1.39,7.57,5.97
-1.35,7.73,5.78
-1.16,8.09,5.38
-1.20,8.02,5.43
-1.26,7.94,5.54
-1.09,8.28,5.16
-1.29,7.80,5.69
-1.28,7.82,5.68
-1.34,7.74,5.78
-1.45,7.52,6.00
-1.39,7.65,5.87
-1.49,7.46,6.08
-1.27,7.93,5.60
-1.20,7.98,5.47
-1.20,7.92,5.55
-1.33,7.68,5.88
-1.44,7.46,6.10
-1.57,7.14,6.41
-1.51,7.36,6.20
-1.50,7.45,6.11
-1.46,7.49,6.05
-1.46,7.44,6.11
-1.16,7.99,5.48
-1.30,7.70,5.83
-1.42,7.48,6.09
-1.38,7.57,5.97
-1.41,7.50,6.05
-1.23,7.88,5.62
-1.15,8.05,5.41
-1.32,7.72,5.80
-1.39,7.60,5.92
-1.38,7.56,5.98
-1.40,7.55,5.96
-1.38,7.56,5.99
-1.38,7.50,6.05
-1.32,7.65,5.87
-1.28,7.69,5.85
-1.30,7.69,5.84
-1.31,7.62,5.92
-1.39,7.44,6.13
-1.26,7.74,5.78
-1.17,7.93,5.57
-1.08,8.13,5.34
-1.20,7.89,5.61
-1.23,7.79,5.72
-1.24,7.81,5.69
-1.22,7.87,5.63
-1.23,7.86,5.65
-1.04,8.29,5.15
-1.05,8.26,5.18
-1.31,7.75,5.76
-1.46,7.35,6.23
-1.36,7.64,5.88
-1.41,7.55,5.99
-1.44,7.55,5.98
-1.43,7.55,5.98
-1.38,7.68,5.83
-1.22,7.99,5.48
-1.17,8.07,5.36
-1.32,7.75,5.78
-1.35,7.63,5.89
-1.23,7.92,5.57
-1.23,7.87,5.60
-1.36,7.58,5.96
-1.23,7.85,5.66
-1.15,8.05,5.43
-1.22,7.88,5.59
-1.37,7.49,6.05
-1.39,7.60,5.94
-1.43,7.52,6.02
-1.40,7.64,5.86
-1.43,7.63,5.89
-1.38,7.61,5.91
-1.38,7.68,5.82
-1.28,7.93,5.56
-1.09,8.25,5.18
-1.12,8.18,5.26
-1.38,7.60,5.91
-1.44,7.54,5.99
-1.51,7.43,6.11
-1.47,7.55,5.96
-1.45,7.55,5.98
-1.39,7.67,5.82
-1.27,7.89,5.59
-1.14,8.14,5.32
-1.03,8.35,5.05
-1.16,8.09,5.39
-1.27,7.92,5.54
-1.25,7.91,5.59
-1.23,7.97,5.49
-1.25,8.04,5.42
-1.23,8.04,5.39
-1.23,7.99,5.46
-1.26,8.00,5.49
-1.34,7.62,5.92
-1.12,7.88,5.60
-1.07,7.93,5.57
-1.20,7.90,5.55
-1.29,7.96,5.57
-1.22,7.80,5.62
-1.31,7.76,5.71
-1.34,7.81,5.73
-1.26,7.64,5.91
-1.46,7.43,6.13
-1.56,7.18,6.41
-1.60,7.11,6.48
-1.51,7.37,6.19
-1.54,7.27,6.28
-1.33,7.62,5.94
-1.16,7.87,5.63
-1.12,7.94,5.56
-1.24,7.75,5.78
-1.54,7.29,6.28
-1.39,7.57,5.97
-1.35,7.67,5.85
-1.23,7.84,5.66
-1.33,7.68,5.82
-1.47,7.37,6.20
-1.66,7.13,6.45
-1.53,7.51,6.01
-1.34,7.79,5.71
-1.35,7.79,5.72
-1.49,7.52,6.01
-1.59,7.25,6.31
-1.40,7.68,5.85
-1.32,7.83,5.65
-1.18,8.10,5.36
-1.12,8.19,5.24
-1.21,7.99,5.47
-1.47,7.56,5.97
-1.53,7.52,6.00
-1.52,7.49,6.04
-1.40,7.58,5.94
-1.28,7.57,5.99
-1.44,7.43,6.14
-1.58,7.60,5.88
-1.56,7.53,5.98
-1.57,7.32,6.23
-1.62,7.18,6.40
-1.40,7.66,5.86
-1.30,7.87,5.62
-1.37,7.71,5.79
-1.59,7.22,6.36
-1.36,7.70,5.80
-1.15,8.16,5.29
-0.99,8.47,4.93
-1.22,7.94,5.54
-1.45,7.45,6.12
-1.43,7.49,6.04
-1.44,7.47,6.09
-1.39,7.56,5.99
-1.54,7.23,6.35
-1.54,7.22,6.36
-1.18,8.03,5.44
-1.23,7.89,5.61
-1.44,7.46,6.09
-1.20,7.98,5.51
-1.20,7.98,5.48
-1.18,8.05,5.42
-1.25,7.89,5.59
-1.26,7.85,5.65
-1.35,7.64,5.88
-1.46,7.39,6.18
-1.39,7.50,6.04
-1.53,7.20,6.39
-1.39,7.51,6.05
-1.22,7.86,5.65
-1.26,7.79,5.72
-1.26,7.78,5.73
-1.18,7.98,5.52
-1.00,8.32,5.09
-1.17,7.95,5.55
-1.21,7.84,5.69
-1.45,7.40,6.17
-1.47,7.34,6.22
-1.31,7.57,5.99
-1.35,7.46,6.10
-1.12,7.92,5.61
-1.12,7.93,5.57
-1.22,7.73,5.80
-1.30,7.57,5.98
-1.26,7.38,6.23
-1.26,7.68,5.85
-1.41,7.80,5.69
-1.34,7.74,5.77
-1.41,7.53,6.01
-1.30,7.74,5.78
-1.17,7.99,5.50
-1.12,8.00,5.48
-1.18,7.94,5.55
-1.31,7.55,6.01
-1.18,7.77,5.77
-1.06,7.82,5.73
-1.38,7.39,6.20
-1.18,7.84,5.65
-1.36,7.67,5.88
-1.06,8.18,5.28
-1.10,8.12,5.31
-1.00,8.32,5.12
-1.09,8.13,5.32
-1.31,7.57,5.98
-1.32,7.53,6.02
-1.43,7.31,6.29
-1.47,7.38,6.16
-1.45,7.46,6.09
-1.38,7.56,6.00
-1.19,7.93,5.57
-1.40,7.47,6.08
-1.39,7.50,6.07
-1.25,7.62,5.91
-1.37,7.46,6.13
-1.20,7.89,5.60
-1.16,8.19,5.28
-1.14,8.10,5.36
-1.36,7.58,6.01
-1.30,7.43,6.10
-1.21,7.68,5.84
-1.23,7.70,5.84
-1.25,7.57,6.01
-1.23,7.51,6.08
-1.37,7.23,6.36
-1.39,7.16,6.48
-1.43,7.25,6.36
-1.40,7.28,6.32
-1.40,7.30,6.32
-1.54,6.97,6.63
-1.53,7.02,6.62
-1.39,7.34,6.27
-1.39,7.36,6.25
-1.47,7.19,6.43
-1.32,7.45,6.14
-1.32,7.43,6.15
-1.35,7.36,6.23
-1.57,6.86,6.79
-1.45,7.19,6.43
-1.23,7.67,5.88
-1.40,7.27,6.33
-1.29,7.57,6.01
-1.20,7.78,5.76
-1.26,7.64,5.91
-1.59,6.95,6.67
-1.30,7.56,6.01
-1.30,7.56,6.01
-1.31,7.56,6.01
-1.31,7.56,6.01
-1.30,7.56,6.01
-1.31,7.56,6.01
-1.30,7.56,6.01
-1.30,7.56,6.01
-1.30,7.55,6.01
-1.30,7.56,6.01
-1.31,7.56,6.01
-1.31,7.56,6.02
-1.31,7.56,6.01
-1.30,7.56,6.02
-1.30,7.56,6.01
-1.31,7.56,6.01
-1.31,7.56,6.01
-1.30,7.56,6.01
-1.30,7.56,6.01
-1.26,7.65,5.90
-1.14,7.91,5.61
-1.27,7.65,5.89
-1.16,7.89,5.62
-1.08,8.08,5.43
-0.89,8.47,4.97
-0.98,8.26,5.21
-1.04,8.10,5.36
-1.10,7.97,5.55
-1.10,8.03,5.42
-1.12,7.91,5.62
-1.40,7.34,6.28
-1.61,6.92,6.70
-1.61,7.11,6.47
-1.56,7.02,6.61
-1.41,7.41,6.17
-1.26,7.68,5.86
-1.20,7.76,5.77
-1.30,7.62,5.94
-1.33,7.50,6.07
-1.49,7.18,6.43
-1.97,6.19,7.50
-1.85,6.45,7.22
-1.43,7.34,6.25
-1.18,7.89,5.62
-1.22,7.80,5.72
-1.23,7.77,5.76
-1.12,8.01,5.48
-1.13,7.98,5.52
-1.16,7.86,5.65
-1.33,7.49,6.10
-1.26,7.67,5.87
-1.22,7.80,5.74
-1.38,7.47,6.09
-1.40,7.44,6.14
-1.41,7.48,6.10
-1.08,8.13,5.34
-1.15,8.04,5.44
-1.26,7.78,5.72
-1.17,7.93,5.60
-1.20,7.87,5.59
-1.25,7.82,5.74
-1.35,7.52,6.04
-1.23,7.79,5.74
-1.27,7.66,5.89
-1.32,7.58,6.02
-1.31,7.53,6.00
-1.40,7.43,6.16
-1.54,7.14,6.42
-2.10,6.18,7.51
-1.78,6.78,6.86
-1.45,7.35,6.24
-1.63,6.99,6.64
-1.46,7.22,6.37
-1.41,7.39,6.19
-1.39,7.45,6.12
-1.37,7.46,6.12
-1.34,7.52,6.03
-1.18,7.84,5.70
-1.12,7.99,5.49
-1.18,7.94,5.57
-1.23,7.81,5.71
-1.33,7.49,6.10
-1.20,7.79,5.72
-1.31,7.65,5.89
-1.20,7.81,5.71
-1.21,7.76,5.76
-1.29,7.58,6.00
-1.36,7.55,6.01
-1.41,7.44,6.08
-1.50,7.27,6.35
-1.19,7.82,5.72
-1.24,7.71,5.83
-1.45,7.28,6.34
-1.47,7.29,6.30
-1.54,7.11,6.49
-1.83,6.53,7.16
-1.82,6.48,7.17
-1.55,7.09,6.53
-1.52,7.12,6.49
-1.34,7.47,6.11
-1.55,7.03,6.59
-1.34,7.49,6.09
-1.17,7.87,5.65
-1.25,7.67,5.87
-1.11,7.98,5.52
-1.33,7.58,5.97
-1.53,7.06,6.58
-1.56,7.01,6.63
-1.65,6.71,6.95
-1.31,7.47,6.12
-1.31,7.48,6.09
-1.31,7.48,6.10
-1.27,7.59,5.98
-1.15,7.87,5.65
-1.13,7.89,5.64
-1.50,7.05,6.58
-1.43,7.21,6.41
-1.37,7.33,6.27
-1.31,7.47,6.10
-1.31,7.48,6.10
-1.30,7.48,6.10
-1.31,7.49,6.10
-1.30,7.48,6.10
-1.31,7.48,6.10
-1.25,7.63,5.93
-1.13,7.88,5.65
-1.15,7.86,5.66
-1.16,7.84,5.69
-1.12,7.95,5.57
-1.19,7.79,5.72
-1.49,7.11,6.51
-1.42,7.28,6.33
-1.37,7.39,6.21
-1.52,7.05,6.58
-1.35,7.41,6.18
-1.39,7.35,6.24
-1.33,7.50,6.08
-1.45,7.22,6.39
-1.51,7.11,6.51
-1.49,7.17,6.46
-1.35,7.45,6.11
-1.35,7.46,6.12
-1.33,7.50,6.07
-1.16,7.91,5.61
-1.32,7.52,6.05
-1.22,7.77,5.77
-1.45,7.23,6.37
-1.52,7.09,6.55
-1.46,7.22,6.40
-1.35,7.45,6.11
-1.35,7.46,6.12
-1.35,7.46,6.11
-1.35,7.46,6.11
-1.35,7.46,6.12
-1.35,7.46,6.11
-1.35,7.46,6.12
-1.35,7.46,6.11
-1.35,7.46,6.12
-1.35,7.46,6.12
-1.35,7.46,6.11
-1.35,7.46,6.12
-1.35,7.46,6.11
-1.35,7.46,6.12
-1.35,7.46,6.11
-1.35,7.46,6.11
-1.35,7.46,6.11
-1.35,7.46,6.11
-1.35,7.46,6.11
-1.26,7.67,5.88
-1.09,8.04,5.45
-1.07,8.10,5.39
-1.03,8.12,5.36
-1.31,7.50,6.05
-1.20,7.75,5.79
-1.12,7.89,5.64
-1.22,7.69,5.86
-1.19,7.78,5.76
-1.25,7.68,5.84
-1.30,7.61,5.96
-1.30,7.59,5.98
-1.28,7.60,5.99
-1.44,7.25,6.33
-1.57,7.01,6.62
-1.53,7.09,6.52
-1.37,7.41,6.21
-1.35,7.39,6.17
-1.25,7.62,5.92
-1.18,7.84,5.70
-1.26,7.64,5.91
-1.24,7.67,5.89
-0.94,8.14,5.36
-1.02,7.96,5.58
-1.01,7.88,5.64
-1.16,7.61,5.96
-1.42,7.27,6.35
-1.51,7.01,6.62
-1.58,6.83,6.85
-1.45,7.08,6.55
-1.00,8.02,5.51
-1.02,7.92,5.59
-1.82,6.37,7.32
-1.85,6.36,7.33
-1.39,7.31,6.28
-1.24,7.61,5.92
-1.10,7.93,5.61
-1.18,7.82,5.67
-1.46,7.33,6.24
-1.66,6.99,6.63
-1.63,7.09,6.50
-2.19,6.07,7.62
-1.71,7.03,6.55
-1.48,7.48,6.05
-1.58,7.28,6.29
-1.64,7.20,6.36
-1.67,7.13,6.45
-1.49,7.49,6.03
-1.30,7.90,5.57
-1.45,7.57,5.95
-1.80,6.89,6.71
-1.47,7.52,6.02
-1.36,7.78,5.70
-1.28,7.93,5.56
-1.45,7.55,5.98
-1.39,7.68,5.81
-1.54,7.34,6.22
-1.39,7.68,5.84
-1.57,7.29,6.27
-1.61,7.23,6.34
-1.48,7.45,6.10
-1.41,7.59,5.93
-1.62,7.20,6.38
-1.40,7.62,5.90
-1.38,7.68,5.84
-1.44,7.59,5.93
-1.47,7.49,6.04
-1.67,7.12,6.46
-1.79,6.88,6.73
-1.58,7.32,6.22
-1.50,7.46,6.08
-1.51,7.46,6.08
-1.51,7.46,6.08
-1.51,7.46,6.08
-1.51,7.46,6.08
-1.50,7.46,6.08
-1.51,7.46,6.07
-1.50,7.46,6.08
-1.50,7.46,6.07
-1.50,7.46,6.07
-1.51,7.46,6.07
-1.50,7.46,6.08
-1.50,7.46,6.08
-1.50,7.46,6.07
-1.51,7.46,6.07
-1.50,7.46,6.08
-1.51,7.46,6.07
-1.50,7.46,6.08
-1.51,7.46,6.08
-1.42,7.66,5.87
-1.28,7.98,5.47
-1.28,7.97,5.50
-1.45,7.59,5.91
-1.41,7.69,5.82
-1.47,7.55,5.97
-1.53,7.40,6.14
-1.49,7.50,6.05
-1.53,7.45,6.06
-1.53,7.45,6.09
-1.36,7.56,5.99
-1.45,7.43,6.12
-1.59,7.09,6.51
-1.52,7.29,6.30
-1.51,7.28,6.29
-1.38,7.55,6.01
-1.44,7.44,6.10
-1.32,7.65,5.88
-1.34,7.59,5.96
-1.31,7.61,5.93
-1.33,7.56,6.00
-1.42,7.39,6.18
-1.34,7.51,6.05
-1.48,7.27,6.29
-1.60,7.00,6.62
-1.44,7.37,6.21
-1.34,7.62,5.91
-1.36,7.56,6.00
-1.41,7.45,6.10
-1.33,7.53,6.09
-1.28,7.59,5.92
-1.26,7.63,5.94
-1.34,7.47,6.10
-1.32,7.48,6.11
-1.33,7.45,6.13
-1.40,7.29,6.31
-1.22,7.63,5.92
-1.19,7.68,5.89
-1.23,7.59,5.98
-1.16,7.77,5.78
-0.94,8.23,5.24
-0.87,8.31,5.17
-1.06,7.87,5.66
-1.14,7.81,5.78
-1.44,7.27,6.37
-1.37,7.38,6.14
-1.41,7.33,6.27
-1.15,7.84,5.68
-1.00,8.12,5.39
-0.91,8.20,5.26
-0.92,8.13,5.42
-0.96,8.13,5.32
-1.01,8.13,5.43
-1.03,7.99,5.49
-1.01,7.87,5.66
-1.23,7.50,6.09
-1.40,7.28,6.30
-1.23,7.54,6.01
-1.10,7.87,5.66
-1.08,7.92,5.59
-1.10,7.98,5.54
-1.01,8.03,5.45
-1.18,7.64,5.84
-1.52,6.93,6.74
-1.57,6.89,6.73
-1.23,7.58,5.97
-1.30,7.44,6.11
-1.37,7.20,6.43
-1.35,7.31,6.23
-1.46,7.10,6.53
-1.33,7.26,6.37
-1.47,7.03,6.56
-1.34,7.24,6.35
-1.25,7.32,6.28
-1.24,7.43,6.12
-1.23,7.45,6.08
-1.32,7.41,6.20
-1.22,6.87,6.80
-1.19,7.02,6.74
-1.61,7.26,6.28
-1.60,7.16,6.45
-1.55,6.44,7.27
-1.25,7.32,6.31
-1.19,7.47,6.13
-1.18,7.48,6.13
-1.19,7.48,6.13
-1.18,7.48,6.12
-1.18,7.48,6.12
-1.18,7.48,6.12
-1.19,7.48,6.13
-1.19,7.48,6.13
-1.19,7.47,6.12
-1.18,7.48,6.13
-1.19,7.48,6.13
-1.19,7.48,6.13
-1.19,7.48,6.12
-1.19,7.48,6.12
-1.19,7.48,6.13
-1.19,7.48,6.12
-1.19,7.48,6.12
-1.19,7.48,6.12
-1.19,7.48,6.12
-1.04,7.86,5.67
-0.99,7.97,5.56
-0.89,8.08,5.43
-0.82,7.75,5.87
-1.09,7.87,5.63
-1.53,7.18,6.47
-1.59,6.65,7.03
-1.10,7.45,6.14
-1.05,7.61,6.00
-1.03,7.52,6.05
-1.32,6.88,6.82
-1.19,7.26,6.39
-1.21,7.19,6.47
-0.96,7.78,5.79
-1.08,7.51,6.11
-1.07,7.50,6.10
-0.86,7.84,5.75
-1.06,7.51,6.09
-1.28,7.19,6.44
-0.87,7.70,5.90
-0.93,7.63,5.96
-1.01,7.29,6.36
-1.10,7.27,6.44
-0.88,7.69,5.87
-0.01,8.44,5.18
0.17,8.36,5.13
-0.47,8.37,5.09
-0.71,8.25,5.22
-0.70,8.22,5.43
-0.87,8.05,5.36
-0.93,8.02,5.55
-0.80,7.94,5.64
-1.01,7.86,6.02
-0.99,7.28,6.30
-0.74,7.41,6.48
-0.08,7.44,6.34
-0.51,7.46,6.27
-0.71,7.19,6.52
-1.38,7.09,6.74
-1.52,6.79,6.80
-1.45,7.15,6.50
-1.09,7.79,5.72
-0.89,7.85,5.65
-1.05,7.99,5.52
-0.93,8.25,5.37
-0.94,8.31,5.14
-1.08,8.19,5.16
-0.72,8.11,5.46
-0.72,7.51,6.24
-0.74,7.19,6.43
-0.83,7.19,6.71
-1.20,7.15,6.60
-1.27,7.12,6.51
-1.66,7.23,6.49
-1.97,7.20,6.10
-2.12,7.21,6.44
-2.30,7.28,6.24
-2.36,7.27,6.16
-2.11,7.27,6.23
-2.13,7.28,6.17
-2.02,7.66,6.10
-1.85,7.24,5.92
-2.00,7.21,6.36
-2.20,6.90,6.57
-2.22,6.79,6.83
-1.89,7.01,6.40
-2.06,6.74,6.74
-2.11,6.44,7.21
-1.77,6.63,7.02
-1.77,6.19,7.51
-1.94,5.71,8.12
-1.63,6.15,7.59
-1.39,6.73,6.98
-1.30,6.78,6.94
-1.30,6.77,6.94
-1.05,7.39,6.24
-1.06,7.37,6.27
-1.07,7.37,6.27
-1.07,7.37,6.27
-1.07,7.37,6.27
-1.07,7.37,6.27
-1.07,7.37,6.27
-1.07,7.37,6.27
-1.07,7.37,6.27
-1.07,7.37,6.27
-1.07,7.37,6.26
-1.07,7.37,6.26
-1.07,7.37,6.27
-1.07,7.37,6.27
-1.07,7.37,6.26
-1.06,7.37,6.27
-1.06,7.37,6.27
-1.07,7.37,6.27
-1.07,7.37,6.26
-1.07,7.37,6.27
-1.07,7.37,6.26
-1.07,7.37,6.26
-1.07,7.37,6.26
-1.07,7.37,6.26
-1.07,7.37,6.27
-1.07,7.37,6.26
-1.07,7.37,6.27
-1.07,7.37,6.27
-1.07,7.37,6.26
-1.07,7.37,6.26
-1.07,7.37,6.26
-1.07,7.37,6.26
-1.07,7.37,6.27
-1.07,7.37,6.26
-1.08,7.37,6.26
-1.07,7.37,6.27
-1.07,7.37,6.27
-1.07,7.37,6.27
-1.07,7.37,6.26
-1.07,7.37,6.26
-1.07,7.37,6.26
-1.07,7.37,6.26
-1.07,7.37,6.26
-1.07,7.37,6.26
-1.07,7.37,6.26
-1.07,7.37,6.26
-1.07,7.37,6.26
-1.07,7.37,6.26
-1.07,7.37,6.26
-1.07,7.37,6.26
-1.07,7.37,6.26
-1.07,7.37,6.26
-1.07,7.37,6.26
-1.07,7.37,6.26
-1.07,7.37,6.26
-1.07,7.37,6.26
-1.08,7.37,6.26
-1.07,7.37,6.26
-1.07,7.37,6.26
-1.07,7.37,6.26
-1.07,7.37,6.26
-1.07,7.37,6.26
-1.07,7.37,6.26
-1.07,7.37,6.26
-1.07,7.37,6.26
-1.06,7.37,6.26
-1.06,7.37,6.26
-1.06,7.37,6.26
-1.07,7.37,6.26
-1.07,7.37,6.26
-1.07,7.37,6.26
-1.07,7.37,6.26
-1.07,7.37,6.26
-1.07,7.37,6.26
-1.07,7.37,6.26
-1.07,7.37,6.26
-1.07,7.37,6.26
-1.04,7.43,6.19
-1.04,7.44,6.18
-1.11,7.29,6.36
-0.98,7.56,6.05
-0.86,7.88,5.69
-0.66,8.35,5.11
-0.71,8.40,5.08
-0.85,8.06,5.45
-0.82,8.27,5.21
-0.88,8.26,5.13
-1.14,8.23,5.27
-1.26,8.17,5.18
-1.28,8.10,5.42
-1.34,8.11,5.29
-1.35,8.00,5.35
-1.70,7.67,5.93
-2.06,7.21,6.03
-2.06,7.87,5.49
-1.93,7.61,5.81
-1.70,7.75,5.66
-1.94,7.72,5.77
-1.73,7.62,5.89
-1.60,7.42,6.07
-1.10,7.30,6.38
-1.21,7.15,6.42
-1.23,6.83,6.88
-0.90,6.87,6.88
-0.68,7.05,6.75
-0.51,7.18,6.53
-0.56,7.36,6.34
-0.38,7.43,6.45
-0.39,7.47,6.10
-0.52,7.82,5.79
-0.40,7.67,6.09
-0.36,7.52,6.11
-0.28,7.40,6.39
-0.45,7.12,6.67
-0.31,6.88,6.99
-0.05,7.24,6.49
-0.78,7.70,5.94
-0.57,8.08,5.37
-0.55,8.24,5.46
-0.63,8.23,5.56
-0.31,7.66,5.26
-0.66,7.82,6.17
-1.14,7.30,6.27
-0.96,7.40,6.41
-0.93,7.33,6.27
-1.11,7.18,6.46
-1.17,7.12,6.50
-1.29,6.84,6.87
-1.72,6.34,7.31
-1.97,6.26,7.60
-2.74,5.92,7.74
-2.16,5.52,8.05
-1.32,5.73,8.10
-1.62,5.60,8.27
-1.99,5.77,7.98
-1.91,5.99,7.76
-1.57,6.66,7.00
-1.30,7.24,6.39
-1.24,7.38,6.21
-1.24,7.39,6.21
-1.23,7.38,6.21
-1.24,7.38,6.21
-1.24,7.38,6.21
-1.24,7.38,6.22
-1.24,7.38,6.21
-1.24,7.39,6.22
-1.24,7.38,6.21
-1.24,7.39,6.22
-1.24,7.38,6.21
-1.24,7.39,6.21
-1.24,7.39,6.21
-1.24,7.38,6.21
-1.24,7.38,6.21
-1.24,7.39,6.21
-1.23,7.38,6.21
-1.24,7.39,6.22
-1.23,7.39,6.21
-1.24,7.39,6.20
-1.24,7.39,6.21
-1.24,7.38,6.21
-1.24,7.39,6.21
-1.24,7.38,6.21
-1.24,7.39,6.21
-1.24,7.39,6.21
-1.23,7.38,6.21
-1.24,7.39,6.21
-1.24,7.38,6.21
-1.24,7.39,6.21
-1.24,7.39,6.21
-1.25,7.38,6.21
-1.24,7.39,6.21
-1.24,7.38,6.21
-1.24,7.38,6.21
-1.24,7.39,6.21
-1.24,7.39,6.21
-1.25,7.39,6.21
-1.24,7.38,6.21
-1.24,7.39,6.21
-1.25,7.39,6.21
-1.25,7.39,6.21
-1.24,7.38,6.21
-1.24,7.39,6.21
-1.25,7.39,6.21
-1.24,7.38,6.21
-1.25,7.38,6.21
-1.24,7.38,6.21
-1.26,7.38,6.21
-1.26,7.38,6.21
-1.25,7.39,6.21
-1.24,7.38,6.21
-1.25,7.39,6.21
-1.25,7.39,6.21
-1.24,7.39,6.21
-1.25,7.39,6.21
-1.25,7.38,6.21
-1.25,7.38,6.21
-1.25,7.38,6.21
-1.25,7.39,6.21
-1.24,7.39,6.21
-1.25,7.38,6.21
-1.24,7.39,6.21
-1.25,7.39,6.21
-1.25,7.38,6.21
-1.25,7.38,6.21
-1.24,7.39,6.21
-1.25,7.39,6.21
-1.25,7.38,6.21
-1.24,7.39,6.21
-1.24,7.39,6.21
-1.24,7.38,6.21
-1.24,7.38,6.21
-1.25,7.39,6.21
-1.25,7.39,6.21
-1.24,7.39,6.21
-1.24,7.38,6.21
-1.25,7.38,6.21
-1.24,7.39,6.21
-1.24,7.39,6.21
-1.24,7.38,6.21
-1.24,7.38,6.21
-1.25,7.38,6.21
-1.24,7.38,6.21
-1.24,7.38,6.21
-1.24,7.39,6.21
-1.25,7.39,6.21
-1.24,7.38,6.21
-1.24,7.39,6.21
-1.24,7.39,6.21
-1.24,7.39,6.21
-1.24,7.38,6.21
-1.24,7.39,6.21
-1.24,7.39,6.21
-1.24,7.39,6.21
-1.25,7.39,6.21
-1.25,7.39,6.21
-1.24,7.38,6.21
-1.25,7.39,6.21
-1.25,7.39,6.21
-1.24,7.39,6.21
-1.25,7.38,6.21
-1.24,7.38,6.21
-1.25,7.38,6.21
-1.24,7.39,6.21
-1.24,7.39,6.21
-1.24,7.38,6.21
-1.24,7.38,6.21
-1.25,7.38,6.21
-1.25,7.39,6.21
-1.24,7.39,6.21
-1.24,7.38,6.21
-1.24,7.39,6.21
-1.24,7.39,6.21
-1.24,7.38,6.21
-1.24,7.39,6.21
-1.24,7.41,6.18
-1.05,7.85,5.70
-0.55,8.89,4.46
-0.63,8.74,4.64
-0.87,8.38,5.09
-0.94,8.11,5.17
-1.10,7.98,5.60
-1.80,7.44,6.11
-2.77,7.29,6.16
-3.67,7.02,6.25
-3.66,7.05,6.12
-3.56,7.56,5.47
-3.62,8.16,4.92
-2.12,8.35,4.76
-0.92,8.27,5.19
-0.82,7.66,5.98
-0.94,7.35,6.23
-1.14,7.43,6.28
-1.18,7.24,6.34
-1.36,7.18,6.45
-1.51,7.00,6.61
-1.68,6.73,6.91
-1.42,6.96,6.66
-1.45,6.86,6.76
-1.52,6.76,6.90
-1.42,6.82,6.86
-1.61,6.46,7.24
-1.41,7.00,6.65
-1.33,7.15,6.47
-1.51,6.75,6.90
-1.28,7.28,6.32
-1.23,7.36,6.22
-1.41,6.97,6.68
-1.30,7.20,6.41
-1.22,7.40,6.20
-1.22,7.40,6.20
-1.22,7.40,6.20
-1.22,7.40,6.19
-1.22,7.40,6.19
-1.22,7.40,6.19
-1.22,7.40,6.19
-1.22,7.40,6.19
-1.22,7.40,6.19
-1.22,7.40,6.19
-1.22,7.40,6.19
-1.22,7.40,6.19
-1.22,7.40,6.19
-1.22,7.40,6.19
-1.22,7.40,6.20
-1.22,7.40,6.19
-1.22,7.40,6.19
-1.21,7.40,6.20
-1.22,7.40,6.19
-1.21,7.40,6.19
-1.22,7.40,6.20
-1.22,7.40,6.19
-1.22,7.40,6.19
-1.22,7.40,6.20
-1.22,7.40,6.19
-1.22,7.40,6.19
-1.22,7.40,6.19
-1.22,7.40,6.20
-1.22,7.40,6.19
-1.16,7.53,6.05
-0.85,8.18,5.29
-0.90,8.18,5.30
-1.09,7.87,5.64
-1.16,7.77,5.77
-1.05,7.92,5.51
-0.94,8.02,5.56
-1.08,7.61,5.97
-1.01,7.71,5.82
-0.99,8.05,5.49
-0.96,8.00,5.46
-0.84,8.02,5.39
-0.94,7.92,5.63
-1.11,7.95,5.54
-1.20,7.86,5.69
-1.22,7.82,5.65
-1.15,7.91,5.61
-1.10,7.89,5.63
-1.03,7.83,5.69
-1.12,7.85,5.65
-1.18,7.45,6.17
-1.03,7.63,5.96
-1.13,7.43,6.17
-1.32,7.16,6.38
-1.44,7.11,6.52
-1.40,7.23,6.38
-1.23,7.29,6.32
-1.17,7.39,6.27
-1.20,7.53,5.98
-1.41,7.49,6.06
-1.64,6.95,6.62
-1.98,6.31,7.39
-1.95,6.21,7.46
-1.83,6.62,6.98
-1.74,7.05,6.60
-1.59,7.29,6.23
-1.56,7.38,6.26
-1.32,7.50,5.88
-1.22,7.67,5.80
-1.20,7.86,5.66
-1.08,7.91,5.55
-1.24,7.67,5.91
-1.40,8.17,5.19
-1.51,7.48,6.04
-1.66,7.09,6.58
-1.48,7.16,6.30
-1.49,7.09,6.56
-1.26,7.41,6.18
-1.19,7.52,6.04
-1.52,7.42,6.13
-1.50,7.21,6.33
-1.41,7.38,6.20
-1.46,7.26,6.30
-2.02,6.35,7.29
-2.10,6.14,7.49
-1.81,6.82,6.85
-1.70,6.79,6.76
-1.63,6.92,6.72
-1.63,6.92,6.69
-1.69,6.73,6.89
-1.54,7.09,6.50
-1.38,7.41,6.15
-1.39,7.41,6.15
-1.39,7.41,6.15
-1.39,7.41,6.15
-1.41,7.41,6.14
-1.40,7.41,6.15
-1.41,7.41,6.14
-1.40,7.41,6.15
-1.40,7.41,6.15
-1.40,7.41,6.14
-1.39,7.41,6.15
-1.40,7.41,6.14
-1.40,7.41,6.15
-1.40,7.41,6.15
-1.39,7.41,6.15
-1.40,7.41,6.15
-1.39,7.41,6.15
-1.41,7.41,6.15
-1.40,7.41,6.15
-1.39,7.41,6.14
-1.38,7.41,6.15
-1.38,7.41,6.15
-1.38,7.41,6.15
-1.38,7.41,6.15
-1.38,7.41,6.15
-1.38,7.41,6.15
-1.38,7.41,6.15
-1.38,7.41,6.15
-1.38,7.41,6.15
-1.38,7.41,6.15
-1.38,7.41,6.15
-1.38,7.41,6.15
-1.39,7.41,6.15
-1.38,7.41,6.15
-1.39,7.41,6.15
-1.39,7.41,6.14
-1.39,7.41,6.15
-1.39,7.41,6.15
-1.38,7.41,6.15
-1.38,7.41,6.14
-1.38,7.41,6.14
-1.38,7.41,6.14
-1.02,8.20,5.25
-0.64,8.68,4.69
-1.09,8.31,5.13
-1.33,7.78,5.72
-1.36,7.41,6.21
-0.82,7.23,6.41
0.45,7.04,6.89
1.40,7.25,6.59
0.94,7.83,5.95
0.33,8.17,5.56
-0.61,8.23,5.24
-0.86,8.03,5.58
-1.10,7.85,5.56
-0.95,7.99,5.61
-0.94,7.84,5.68
-1.09,7.66,5.88
-1.17,7.64,5.92
-1.16,7.57,6.00
-1.23,7.32,6.28
-1.26,7.34,6.19
-1.17,7.43,6.16
-1.18,7.54,6.07
-1.23,7.57,6.05
-1.27,7.44,6.01
-1.25,7.37,6.28
-1.21,7.37,6.29
-1.24,7.31,6.24
-1.30,7.18,6.38
-1.32,7.21,6.46
-1.34,7.17,6.47
-1.36,7.16,6.48
-1.40,6.91,6.70
-1.57,6.60,7.08
-1.65,6.40,7.35
-1.65,6.35,7.30
-1.79,6.11,7.61
-1.95,5.82,7.90
-1.92,5.93,7.79
-1.83,6.18,7.52
-1.29,7.29,6.32
-1.26,7.36,6.22
-1.26,7.36,6.23
-1.26,7.36,6.23
-1.26,7.36,6.23
-1.26,7.36,6.22
-1.26,7.37,6.22
-1.26,7.37,6.23
-1.27,7.36,6.22
-1.27,7.36,6.22
-1.27,7.36,6.23
-1.27,7.37,6.23
-1.27,7.37,6.23
-1.27,7.36,6.23
-1.27,7.37,6.22
-1.27,7.36,6.23
-1.26,7.37,6.22
-1.26,7.36,6.23
-1.26,7.37,6.22
-1.26,7.37,6.23
-1.26,7.36,6.22
-1.26,7.37,6.23
-1.26,7.37,6.22
-1.26,7.37,6.22
-1.26,7.37,6.22
-1.26,7.37,6.22
-1.26,7.37,6.23
-1.26,7.37,6.22
-1.26,7.37,6.22
-1.26,7.37,6.23
-1.26,7.37,6.23
-1.26,7.37,6.23
-1.26,7.36,6.22
-1.26,7.36,6.22
-1.26,7.37,6.22
-0.85,8.27,5.20
-0.63,8.69,4.71
-0.67,8.70,4.69
-0.67,8.73,4.63
-0.80,8.45,5.02
-0.94,7.93,5.45
-0.93,7.86,5.56
-1.04,7.98,5.57
-0.98,7.92,5.53
-0.93,7.90,5.60
-0.82,7.73,5.71
-0.93,7.67,5.86
-1.14,7.55,5.99
-1.25,7.42,6.33
-1.32,7.16,6.39
-1.38,7.00,6.66
-1.62,6.42,7.24
-1.61,6.70,7.04
-1.42,6.92,6.65
-1.34,7.20,6.53
-1.23,7.13,6.48
-1.22,7.38,6.27
-1.31,7.45,6.39
-1.30,7.24,6.26
-1.24,7.31,6.33
-1.25,6.97,6.71
-1.36,6.66,7.00
-1.16,7.34,6.25
-1.29,7.65,5.89
-1.78,7.85,5.61
-0.81,7.81,5.72
-0.89,7.61,5.86
-1.06,7.59,6.15
-1.07,7.40,6.04
-1.16,7.35,6.34
-1.14,7.29,6.32
-1.32,7.49,6.10
-1.25,7.67,5.85
-1.36,7.61,5.82
-1.11,7.52,6.10
-1.13,7.58,6.01
-1.12,7.60,5.94
-1.08,7.56,6.05
-1.24,7.42,6.19
-1.11,7.58,5.88
-1.24,7.56,6.14
-1.32,7.30,6.22
-1.28,7.37,6.25
-1.05,7.16,6.46
-1.22,7.15,6.50
-1.27,7.18,6.51
-1.37,7.00,6.59
-1.75,6.29,7.38
-2.07,6.08,7.64
-2.73,7.20,6.27
-4.03,7.41,5.41
-4.09,7.58,5.44
-3.87,7.71,5.13
-3.45,8.02,5.04
-2.57,7.84,5.50
-1.91,7.62,5.93
-1.53,7.41,6.12
-2.07,6.12,7.55
-2.13,5.74,7.87
-2.07,6.09,7.60
-2.00,6.28,7.37
-2.00,6.28,7.37
-1.49,7.31,6.24
-1.45,7.41,6.14
-1.45,7.40,6.14
-1.45,7.40,6.13
-1.45,7.40,6.14
-1.45,7.41,6.14
-1.45,7.40,6.14
-1.45,7.40,6.14
-1.46,7.40,6.14
-1.45,7.41,6.14
-1.45,7.41,6.14
-1.45,7.41,6.14
-1.44,7.43,6.11
-1.27,7.80,5.69
-1.23,7.84,5.64
-1.33,7.64,5.88
-1.42,7.44,6.08
-1.71,6.85,6.77
-1.75,6.82,6.77
-1.46,7.41,6.13
-1.45,7.40,6.14
-1.39,7.56,5.97
-1.35,7.65,5.86
-1.64,7.05,6.51
-1.46,7.40,6.15
-1.47,7.40,6.14
-1.46,7.40,6.13
-1.47,7.41,6.13
-1.46,7.40,6.14
-1.47,7.41,6.13
-1.30,7.78,5.71
-1.26,7.89,5.58
-1.25,7.96,5.50
-1.25,7.93,5.51
-1.34,7.71,5.81
-1.53,7.39,6.19
-1.55,7.32,6.20
-1.29,7.82,5.63
-1.28,7.76,5.70
-1.33,7.69,5.83
-1.33,7.93,5.57
-1.28,7.47,6.08
-1.46,7.19,6.41
-2.21,5.82,7.88
-1.90,6.33,7.34
-1.27,7.67,5.84
-1.38,7.43,6.09
-1.52,7.17,6.42
-1.26,7.72,5.78
-1.16,7.94,5.55
-1.25,7.72,5.78
-1.33,7.58,5.96
-1.37,7.47,6.08
-1.14,8.04,5.41
-1.10,8.04,5.43
-1.13,7.81,5.67
-1.54,6.91,6.73
-1.38,7.23,6.33
-1.30,7.49,6.11
-1.30,7.50,6.03
-1.21,7.75,5.81
-1.27,7.72,5.79
-1.44,7.38,6.18
-1.48,7.33,6.20
-1.44,7.49,6.06
-1.51,7.22,6.39
-1.74,6.77,6.83
-1.49,7.35,6.19
-1.45,7.36,6.18
-1.99,6.24,7.41
-1.60,7.02,6.56
-1.41,7.42,6.14
-1.41,7.43,6.12
-1.41,7.43,6.12
-1.41,7.43,6.12
-1.41,7.43,6.12
-1.41,7.43,6.12
-1.42,7.43,6.12
-1.41,7.43,6.12
-1.41,7.43,6.12
-1.41,7.43,6.12
-1.41,7.43,6.12
-1.41,7.43,6.12
-1.41,7.43,6.12
-1.41,7.43,6.12
-1.41,7.43,6.12
-1.41,7.43,6.12
-1.41,7.43,6.12
-1.42,7.43,6.12
-1.41,7.43,6.12
-1.41,7.42,6.12
-1.41,7.43,6.12
-1.41,7.43,6.12
-1.41,7.43,6.12
-1.41,7.43,6.12
-1.41,7.42,6.12
-1.41,7.42,6.12
-1.40,7.43,6.12
-1.42,7.43,6.12
-1.41,7.43,6.12
-1.42,7.43,6.12
-1.41,7.43,6.12
-1.41,7.43,6.12
-1.41,7.42,6.12
-1.41,7.42,6.12
-1.40,7.42,6.12
-1.41,7.43,6.12
-1.41,7.43,6.12
-1.41,7.43,6.12
-1.41,7.43,6.12
-1.41,7.42,6.12
-1.41,7.42,6.12
-1.41,7.42,6.12
-1.41,7.43,6.12
-1.40,7.43,6.12
-1.41,7.42,6.12
-1.41,7.43,6.12
-1.41,7.43,6.12
-1.41,7.43,6.12
-1.42,7.43,6.12
-1.40,7.43,6.12
-1.40,7.43,6.12
-1.40,7.43,6.12
-1.38,7.49,6.05
-1.23,7.84,5.65
-1.05,8.14,5.32
-1.17,7.85,5.63
-1.18,7.74,5.78
-1.23,7.62,5.94
-1.00,7.66,5.97
-0.27,7.32,6.47
0.30,7.20,6.63
1.37,7.47,6.54
0.32,7.97,5.69
-0.77,8.08,5.37
-0.97,8.02,5.53
-1.08,7.87,5.56
-1.22,7.84,5.62
-1.45,7.84,5.68
-1.34,7.80,5.87
-1.32,7.31,6.14
-1.41,7.41,6.16
-1.32,7.42,6.13
-1.32,7.36,6.26
-1.20,7.40,6.12
-1.55,7.49,6.08
-1.61,7.47,6.06
-1.54,7.31,6.08
-1.48,7.25,6.34
-1.49,7.21,6.49
-1.36,7.12,6.46
-1.66,6.83,6.69
-1.77,6.96,6.66
-1.72,6.79,6.82
-1.34,6.16,7.56
0.51,6.38,7.63
1.53,6.40,7.61
1.24,7.25,6.67
0.24,7.68,5.92
-0.40,7.85,5.83
-0.59,7.59,6.05
-0.71,7.55,6.15
-0.67,7.45,6.13
-0.86,7.32,6.23
-0.75,7.37,6.32
-0.81,7.49,6.30
-0.99,7.17,6.37
-1.54,7.04,6.56
-3.72,7.30,5.96
-3.21,7.60,5.65
-1.58,7.39,6.14
-1.05,7.39,6.29
-1.07,7.34,6.28
-1.24,7.14,6.40
-2.48,6.98,6.47
-4.51,7.37,5.68
-3.13,7.53,5.85
-1.17,7.41,6.12
-1.03,7.50,6.16
-1.13,7.16,6.47
-1.38,6.85,6.89
-1.91,6.49,7.10
-3.32,6.77,6.58
-4.21,7.07,6.40
-3.81,7.24,5.47
-3.39,7.63,5.77
-3.06,7.60,5.52
-1.66,7.74,5.67
-1.62,7.73,5.78
-1.59,7.40,6.08
-1.75,7.31,6.13
-1.49,6.70,6.06
-1.45,6.30,6.96
-1.39,5.88,7.77
-0.73,5.98,8.09
-0.37,6.02,7.75
-0.60,6.28,8.07
-1.67,7.03,6.72
-2.10,6.21,7.42
-1.58,6.27,7.47
-1.10,7.63,5.91
-0.97,7.78,5.76
-0.87,8.04,5.48
-0.99,8.12,5.33
-0.85,7.43,5.31
-1.16,6.86,6.64
-1.13,6.46,7.13
-0.51,6.19,7.65
-0.48,6.54,7.18
-0.80,7.51,7.47
0.08,6.17,7.68
0.69,5.95,8.26
0.79,6.25,7.71
-1.09,6.72,7.02
-2.64,6.92,6.52
-2.00,6.87,6.72
-0.90,6.50,7.27
-1.02,7.39,6.22
-1.22,7.17,6.47
-1.22,7.21,6.42
-1.25,7.13,6.51
-0.62,7.42,6.25
-1.20,7.18,6.46
-0.70,7.46,6.20
-0.95,7.24,6.42
-0.78,7.40,6.27
-1.07,7.22,6.43
-0.91,7.42,6.22
-1.02,7.41,6.21
-1.11,7.42,6.20
-0.98,7.47,6.15
-1.03,7.38,6.24
-0.96,7.52,6.11
-1.04,7.35,6.27
-1.04,7.35,6.28
-1.04,7.35,6.28
-1.04,7.35,6.28
-1.03,7.35,6.28
-1.04,7.35,6.28
-1.04,7.35,6.28
-1.03,7.35,6.28
-1.04,7.35,6.27
-1.04,7.35,6.28
-1.04,7.35,6.28
-1.04,7.35,6.28
-1.04,7.36,6.28
-1.03,7.35,6.28
-1.04,7.35,6.28
-1.04,7.35,6.27
-1.04,7.35,6.28
-1.03,7.35,6.27
-1.04,7.35,6.28
-1.04,7.36,6.28
-1.04,7.35,6.28
-1.04,7.35,6.28
-1.03,7.35,6.28
-1.04,7.35,6.27
-1.04,7.35,6.28
-1.05,7.35,6.28
-1.04,7.35,6.28
