2020-09-07 07:44:57.078578: LOGGING STARTED
0.18,8.08,5.48
0.17,8.08,5.40
0.14,8.09,5.47
0.23,8.04,5.40
0.90,7.94,5.51
2.20,7.82,5.65
1.34,8.01,5.34
1.39,8.05,5.08
1.94,8.51,4.98
1.27,7.92,5.51
1.21,8.13,5.71
0.91,7.97,5.86
0.50,8.06,6.03
0.19,7.79,5.70
0.03,8.36,5.86
0.15,7.95,5.49
0.24,8.01,5.47
-0.06,8.02,5.50
0.25,7.92,5.49
-0.05,8.05,5.37
-0.06,8.23,5.51
0.06,8.27,5.53
0.04,8.10,5.26
-0.43,8.12,5.20
0.53,8.26,5.35
0.88,7.70,5.47
0.66,7.80,5.69
1.32,7.65,5.80
1.39,7.82,5.64
1.01,8.09,5.68
0.36,8.01,5.39
-0.01,7.92,5.15
0.16,8.29,5.30
0.08,8.20,5.57
0.24,7.55,5.41
0.15,7.95,5.85
0.49,8.18,5.44
0.01,7.68,5.46
-0.06,8.07,5.77
-0.24,8.03,5.40
-1.12,8.35,5.45
-0.39,8.01,5.42
-0.65,8.17,5.22
-0.92,8.23,5.66
-0.75,8.56,5.76
-1.08,8.27,5.14
-0.77,8.16,5.44
-1.61,8.41,5.30
-0.12,8.14,5.38
-0.20,8.16,5.21
-0.17,7.99,5.61
-0.32,8.11,5.48
-0.35,8.13,5.36
0.68,7.96,5.49
-0.51,8.14,5.37
0.10,8.05,5.48
-0.04,8.26,5.65
0.18,8.03,5.40
0.19,8.06,5.51
0.19,8.06,5.48
0.18,8.06,5.48
0.19,8.01,5.44
0.18,8.04,5.50
0.20,8.03,5.46
0.15,8.08,5.52
0.19,8.06,5.51
0.19,8.07,5.42
0.21,8.03,5.46
0.21,8.02,5.44
0.15,8.07,5.49
0.17,8.02,5.41
0.20,8.03,5.46
0.18,8.09,5.49
0.16,8.10,5.51
0.20,8.02,5.47
0.17,8.08,5.49
0.16,8.05,5.41
0.21,8.04,5.46
0.19,8.02,5.48
0.18,8.03,5.40
0.20,8.02,5.44
0.20,8.02,5.48
0.20,8.05,5.46
0.22,8.01,5.42
0.19,8.04,5.48
0.19,8.03,5.42
0.23,8.04,5.41
0.13,8.08,5.48
0.15,8.03,5.37
0.15,8.08,5.51
0.20,8.04,5.48
0.18,8.07,5.49
0.17,8.07,5.52
0.20,8.05,5.46
0.16,8.09,5.49
0.19,8.02,5.37
0.20,8.06,5.47
0.19,8.02,5.46
0.19,8.07,5.47
0.18,8.04,5.41
0.13,8.07,5.53
0.21,8.01,5.44
0.17,8.04,5.47
0.15,8.06,5.50
0.23,8.05,5.42
0.20,8.02,5.45
0.21,8.02,5.43
0.21,8.04,5.48
0.12,8.09,5.46
0.13,8.08,5.53
0.20,8.06,5.49
0.19,7.99,5.40
0.15,8.07,5.50
0.21,8.03,5.42
0.17,8.04,5.48
0.16,8.05,5.50
0.17,8.01,5.44
0.15,8.05,5.46
0.17,8.02,5.41
0.18,8.06,5.45
0.19,8.01,5.42
0.16,8.06,5.52
0.19,8.03,5.46
0.16,8.08,5.50
0.20,8.03,5.40
0.22,8.03,5.48
0.19,8.02,5.41
0.17,8.02,5.43
0.20,8.03,5.43
0.18,8.03,5.49
0.16,8.06,5.46
0.19,8.06,5.45
0.15,8.09,5.49
0.18,8.05,5.49
0.17,8.10,5.49
0.16,8.08,5.52
0.17,8.08,5.47
0.19,8.03,5.41
0.17,8.04,5.46
0.20,8.04,5.44
0.11,8.06,5.48
0.16,8.04,5.48
0.21,8.05,5.46
0.20,8.03,5.51
0.18,8.07,5.52
0.19,8.02,5.44
0.13,8.06,5.50
0.12,8.05,5.48
0.19,8.03,5.49
0.17,8.04,5.52
0.22,8.02,5.39
0.10,8.11,5.52
0.13,8.07,5.50
0.16,8.07,5.49
0.18,8.03,5.41
0.19,8.04,5.44
0.13,8.08,5.50
0.15,8.05,5.45
0.18,8.05,5.50
0.20,8.03,5.46
0.17,8.04,5.47
1.02,8.10,5.53
2.12,7.77,5.43
1.62,7.85,5.58
0.34,8.11,5.62
0.64,7.89,5.30
0.53,7.89,5.54
0.75,8.11,5.59
0.43,7.97,5.45
0.69,7.99,5.47
1.11,8.12,5.40
0.31,8.43,4.88
0.31,9.14,3.64
0.49,9.32,3.42
0.49,8.86,3.85
0.59,9.34,3.80
1.12,9.31,3.57
0.99,8.80,4.56
0.87,7.98,5.21
0.42,8.04,5.64
-0.04,8.03,5.53
-0.77,7.99,5.66
-0.92,8.18,5.71
-0.28,8.26,5.76
-0.22,7.90,5.29
0.05,7.92,5.58
0.07,8.05,5.57
-0.57,7.94,5.86
-0.72,8.01,5.43
-1.31,8.19,5.53
-1.15,8.23,5.49
-1.44,8.16,5.38
-1.64,8.48,5.39
-1.70,8.24,5.29
-0.78,8.07,5.48
-0.37,8.10,5.40
-0.46,8.15,5.45
-0.06,8.04,5.40
0.79,8.03,5.63
0.81,7.88,5.43
0.98,7.95,5.52
0.77,7.86,5.56
0.62,8.01,5.46
0.95,7.98,5.41
1.12,7.83,5.67
0.13,7.84,5.62
-0.12,7.72,5.70
0.45,8.07,5.34
-0.00,7.92,5.50
-0.48,8.14,5.46
-0.11,8.01,5.40
0.58,7.87,5.38
1.51,7.78,5.70
0.77,7.77,5.69
0.87,8.06,5.61
0.47,7.83,5.80
0.39,7.49,5.53
0.35,7.65,5.21
0.22,8.28,6.26
0.13,8.00,5.84
0.74,7.60,5.20
0.32,7.68,5.31
0.10,7.90,5.71
-0.22,7.82,5.32
-0.21,8.28,5.66
-1.11,8.48,5.43
-0.35,8.17,5.50
-0.21,7.79,5.55
-0.34,8.06,5.85
-0.19,7.98,5.80
-0.23,7.95,5.69
-2.24,8.40,5.79
-0.44,8.10,5.54
-1.06,8.20,5.24
-0.97,8.18,5.30
-1.57,8.11,5.38
0.27,8.07,5.42
0.79,8.05,5.55
0.19,8.06,5.40
-0.63,8.27,5.29
-1.28,8.22,5.29
0.13,8.05,5.36
0.16,8.10,5.36
0.38,8.04,5.38
1.74,7.86,5.48
1.05,7.98,5.56
-0.01,8.07,5.49
-0.20,8.16,5.45
-0.09,8.15,5.53
0.37,8.19,5.49
-0.23,8.23,5.50
0.47,8.00,5.56
-0.13,8.22,5.48
-0.37,8.12,5.23
0.10,7.97,5.59
0.33,8.13,5.62
0.67,7.91,5.55
1.56,7.77,5.71
1.51,7.81,5.69
0.43,7.60,5.06
0.47,8.13,5.51
0.21,7.66,5.09
0.31,8.26,5.80
0.08,7.94,5.66
-0.21,7.98,5.82
0.18,7.95,5.46
0.10,7.90,5.65
-0.78,8.07,5.34
-0.51,8.06,5.29
-0.19,7.99,5.63
-0.09,8.13,5.59
-1.43,8.11,5.20
-0.12,7.77,5.53
0.12,7.94,5.70
-0.28,7.97,5.44
-0.05,8.42,5.25
0.47,8.25,5.44
0.23,7.99,5.65
0.56,8.13,5.62
-0.25,7.99,5.70
0.75,7.41,5.15
0.59,8.10,5.50
0.36,7.89,5.47
-0.16,8.00,5.53
-0.33,8.09,5.62
0.01,8.06,5.60
-0.58,8.16,5.46
-0.16,7.95,5.50
-0.04,8.01,5.52
-0.03,8.16,5.71
0.11,8.05,5.47
-0.40,8.04,5.41
0.04,7.93,5.60
0.14,7.87,5.60
0.12,7.93,5.50
0.22,7.98,5.51
0.61,8.22,5.57
0.54,8.11,5.36
0.03,7.99,5.50
0.06,8.11,5.56
-0.12,8.06,5.47
-0.13,8.03,5.60
-0.52,8.10,5.40
-1.44,8.11,5.38
1.07,7.78,5.50
0.14,8.00,5.56
0.12,8.02,5.55
0.11,8.01,5.59
0.14,8.00,5.51
0.09,8.03,5.61
0.11,8.02,5.57
0.16,7.99,5.56
0.11,8.01,5.60
0.14,8.01,5.60
0.14,7.97,5.50
0.14,7.96,5.51
0.13,8.00,5.52
0.13,8.01,5.58
0.13,7.98,5.51
0.12,8.01,5.51
0.14,7.99,5.58
0.12,8.01,5.58
0.13,7.98,5.55
0.11,8.00,5.56
0.11,8.01,5.57
0.10,8.00,5.57
0.16,7.98,5.51
0.13,8.01,5.56
0.10,8.00,5.53
0.10,8.01,5.58
0.15,7.95,5.53
0.14,7.98,5.51
0.13,7.99,5.57
0.15,7.94,5.48
0.13,7.98,5.54
0.13,7.98,5.49
0.09,8.03,5.55
0.11,7.99,5.55
0.14,7.99,5.56
0.06,8.03,5.59
0.15,7.97,5.51
0.08,8.02,5.56
0.09,7.99,5.54
0.13,7.96,5.48
0.11,7.97,5.53
0.16,7.97,5.52
0.11,7.97,5.54
0.10,8.02,5.58
0.11,8.00,5.57
0.13,7.99,5.55
0.15,7.98,5.52
0.14,7.97,5.52
0.10,8.03,5.62
0.12,8.00,5.55
0.10,8.01,5.57
0.17,7.97,5.50
0.13,8.02,5.57
0.09,8.01,5.55
0.13,8.01,5.57
0.12,7.98,5.48
0.13,7.96,5.55
0.12,8.01,5.60
0.10,8.01,5.58
0.11,8.01,5.55
0.13,7.98,5.54
0.14,7.99,5.51
0.06,8.02,5.60
0.15,8.00,5.54
0.13,7.97,5.49
0.09,8.00,5.56
0.12,8.01,5.58
0.11,8.00,5.58
0.13,8.01,5.58
1.02,7.94,5.69
1.24,7.88,5.61
0.97,7.87,5.39
0.95,7.81,5.54
0.22,8.04,5.68
1.32,7.74,5.62
0.51,7.89,5.65
0.61,8.16,5.51
0.48,7.73,5.27
0.76,8.11,5.76
0.64,7.84,5.73
0.14,7.84,5.48
0.02,7.95,5.75
-0.22,8.22,5.63
0.01,8.08,5.46
0.37,7.81,5.56
0.65,8.11,5.56
0.84,7.64,5.78
0.90,8.07,5.54
1.00,7.80,5.46
0.91,7.94,5.55
0.95,8.22,5.58
0.77,7.68,5.19
1.29,8.38,5.66
0.88,7.67,5.95
0.71,8.61,6.16
0.12,9.19,6.30
-0.17,8.01,5.86
0.23,8.04,5.71
0.73,8.61,6.15
0.73,8.36,6.03
0.57,7.51,5.26
0.16,7.60,5.25
-0.18,7.83,5.34
0.03,7.81,5.53
0.15,7.65,5.37
0.00,7.53,5.37
0.18,7.58,5.17
0.42,8.14,5.91
0.25,7.87,5.50
-0.49,7.96,5.10
-0.18,8.09,5.47
-0.12,8.01,5.59
-0.20,8.11,5.32
-0.04,7.98,5.40
0.15,8.21,5.59
0.57,7.99,5.57
0.70,7.89,5.74
1.08,7.89,5.65
0.57,8.57,6.22
0.64,7.82,5.80
0.18,8.13,5.37
0.10,7.79,5.51
0.32,6.82,4.91
0.53,8.41,5.46
0.80,8.48,6.12
0.40,7.74,4.94
-0.03,7.70,5.18
-0.26,8.56,6.02
-0.15,8.02,5.96
-0.28,7.80,5.55
-0.06,7.17,5.06
-0.36,8.30,6.03
-0.26,7.95,5.48
-0.17,7.91,5.14
0.51,8.01,5.46
0.35,8.36,5.81
0.49,8.50,5.77
0.27,8.05,5.24
-0.01,7.82,5.55
0.08,8.02,5.52
-0.17,8.09,5.58
-0.92,8.20,5.68
-0.50,8.23,5.34
-0.18,8.22,5.50
-0.22,8.14,5.47
-0.32,8.61,5.72
-0.35,7.85,5.64
-0.50,8.17,5.38
-1.44,8.17,5.33
-2.64,8.26,5.59
-1.09,8.12,5.23
-1.33,8.33,5.37
-1.24,8.12,5.25
-0.35,8.02,5.42
-0.56,8.20,5.47
-0.86,8.06,5.43
-0.79,8.16,5.41
-0.25,8.04,5.39
-0.27,7.99,5.46
0.41,8.04,5.51
0.01,8.05,5.47
-0.44,8.07,5.40
-0.49,8.07,5.48
0.06,7.88,5.33
0.01,8.03,5.51
0.07,8.04,5.45
0.06,8.02,5.46
0.04,8.02,5.44
0.02,8.05,5.46
0.08,8.02,5.46
0.00,8.05,5.51
0.03,8.03,5.48
0.02,8.06,5.47
0.69,7.97,5.62
0.67,8.06,5.60
-0.51,8.07,5.50
-0.47,8.06,5.42
0.12,8.00,5.44
0.08,8.02,5.46
0.05,8.01,5.48
0.07,8.02,5.51
0.03,8.04,5.54
0.02,8.05,5.50
0.08,8.01,5.49
0.07,8.00,5.49
0.07,8.03,5.47
0.08,7.99,5.43
0.04,8.06,5.56
0.03,8.03,5.52
0.06,8.05,5.54
0.05,8.04,5.52
0.03,8.05,5.49
0.08,7.99,5.44
0.06,8.04,5.53
0.05,8.00,5.51
0.07,8.05,5.52
0.02,8.06,5.51
0.04,8.03,5.53
0.05,8.06,5.53
0.08,8.01,5.49
0.09,8.01,5.51
0.06,8.05,5.53
0.02,8.02,5.47
0.01,8.05,5.51
0.10,7.97,5.45
0.02,8.05,5.49
0.07,8.01,5.51
0.03,8.05,5.55
0.10,8.01,5.46
0.04,8.00,5.51
0.03,8.01,5.45
0.07,8.01,5.50
0.09,8.02,5.52
0.02,8.07,5.51
0.01,8.02,5.48
0.04,8.06,5.52
0.02,8.07,5.52
0.08,8.02,5.51
0.75,8.13,5.49
0.93,8.03,5.53
1.04,7.95,5.40
1.76,7.77,5.59
1.36,7.89,5.50
1.13,8.12,5.78
0.83,8.06,5.66
-0.06,7.89,5.68
0.32,7.88,5.86
0.73,8.02,6.08
0.78,7.98,5.59
0.50,7.96,5.75
0.72,8.04,5.97
0.13,8.03,5.58
0.28,8.20,5.53
0.51,7.91,5.45
0.68,8.46,5.65
0.62,8.01,5.85
0.33,8.11,5.93
0.21,8.10,5.93
0.61,7.86,5.77
0.60,7.78,5.45
0.84,7.84,5.72
0.30,8.01,5.63
0.34,8.02,5.76
0.48,7.72,5.62
0.67,7.77,5.82
0.71,7.64,5.77
1.51,7.61,5.97
1.74,7.87,5.63
1.49,7.65,5.86
0.30,7.78,6.08
0.09,7.22,5.36
0.32,7.74,5.57
0.31,7.07,5.28
0.93,7.92,6.45
0.60,7.67,6.13
0.80,7.31,5.73
0.75,7.82,6.41
-0.05,8.10,5.84
0.55,7.53,5.67
0.18,8.34,5.95
-0.05,7.25,4.99
-0.00,8.03,5.43
-0.06,8.23,5.84
0.19,8.57,6.00
0.16,8.15,5.43
-0.15,8.01,5.74
0.13,7.89,5.58
0.47,8.07,5.52
-0.00,7.76,5.24
-0.19,7.89,5.49
-0.09,8.04,5.71
0.15,7.98,5.51
-0.14,7.78,5.64
0.06,7.97,5.64
-0.03,7.88,5.68
0.09,8.18,5.87
-0.18,7.76,5.52
-0.10,7.79,5.58
0.08,8.36,5.96
-0.24,8.11,6.01
-0.04,8.11,5.85
0.12,8.01,5.63
0.05,8.07,4.98
0.03,7.81,5.42
-0.16,7.75,5.30
-0.04,7.83,5.23
-1.36,7.88,4.96
-0.80,8.08,5.38
-0.15,8.00,5.45
-0.29,7.64,5.13
0.13,7.78,5.52
0.03,7.96,5.29
-0.03,8.07,5.76
-0.10,8.09,5.48
-0.28,7.84,5.47
-0.02,7.82,5.74
0.69,6.97,5.02
-0.04,8.12,6.07
0.14,7.97,5.85
-0.28,7.63,5.67
-0.27,7.55,5.46
-0.25,7.42,5.49
-0.22,7.75,5.77
0.06,8.31,6.31
-0.17,7.48,5.24
-0.20,8.23,5.98
-0.05,7.30,5.29
-0.02,7.90,5.87
0.10,7.36,5.48
-0.18,7.84,5.71
-0.06,7.91,5.64
-0.12,8.00,5.76
-0.10,9.03,6.58
0.02,7.47,5.60
0.49,7.56,5.12
0.89,7.89,5.42
0.58,8.60,6.29
0.66,7.76,5.42
0.72,7.68,5.91
0.82,7.83,5.86
1.08,8.10,5.97
0.97,7.74,5.61
1.10,7.87,4.84
0.89,8.57,5.69
0.90,8.23,5.60
1.08,8.03,5.81
0.77,8.12,5.98
0.65,8.01,5.66
0.75,7.87,5.45
0.48,7.98,6.03
0.59,7.80,5.75
0.50,7.35,4.99
0.35,8.05,5.57
0.13,8.11,5.68
0.35,7.52,5.10
0.17,7.75,5.63
0.01,8.23,5.71
0.18,8.03,5.40
0.05,7.54,5.20
0.33,8.12,5.48
0.22,7.57,5.13
0.11,7.85,5.60
-0.28,7.83,5.52
0.02,7.61,5.58
0.35,8.58,6.19
0.17,7.66,5.43
0.19,7.95,5.53
-0.06,7.85,5.29
-0.13,7.97,5.74
-0.36,8.11,5.80
-0.20,8.06,5.82
-0.30,8.05,5.42
0.12,8.01,5.49
0.01,8.18,5.74
0.10,8.19,5.81
-0.10,7.64,5.40
0.10,7.65,5.44
-0.28,7.76,5.29
-0.08,7.84,5.61
-0.24,8.20,5.80
-0.24,7.81,5.47
-0.18,8.01,5.74
-0.20,8.20,5.59
-0.15,8.20,5.79
-0.24,7.89,5.64
-0.24,7.92,5.83
-0.84,8.29,5.71
-0.14,7.63,5.17
-0.20,7.95,5.55
-0.26,8.48,5.80
0.08,7.68,5.51
0.36,7.98,5.47
0.00,8.35,5.44
0.06,7.77,5.40
0.09,8.15,5.55
0.30,8.12,5.67
0.45,7.39,4.88
0.58,8.23,5.85
0.22,8.22,5.72
0.22,8.13,5.64
0.38,8.07,5.53
0.01,7.94,5.36
0.13,7.60,5.27
-0.22,8.04,5.29
0.05,8.48,5.41
0.25,8.06,5.35
0.01,7.60,5.19
0.09,7.76,5.07
0.47,7.89,5.67
0.52,8.61,6.12
0.04,7.90,5.75
-0.10,7.99,5.83
0.13,7.48,5.15
0.15,8.17,5.82
0.14,7.69,5.47
-0.09,7.64,5.37
-0.10,7.32,5.23
0.12,7.89,5.72
0.09,7.75,5.45
0.32,7.97,5.49
0.50,8.05,5.81
0.14,7.42,5.35
0.11,7.58,5.45
0.21,7.89,5.59
0.15,7.73,5.54
-0.02,7.82,5.45
0.04,8.05,5.54
-0.05,7.81,5.27
0.28,8.76,6.02
0.20,8.16,5.66
-0.02,8.50,5.99
0.07,8.18,5.84
0.17,8.01,5.65
0.07,7.85,5.60
0.33,8.01,5.40
0.29,7.56,5.74
0.04,7.95,5.64
0.37,8.41,5.83
0.03,7.98,5.51
0.39,8.02,5.54
-0.29,7.75,5.58
0.08,7.60,5.55
0.03,8.36,5.97
-0.07,7.98,5.62
-0.33,7.49,5.21
-4.34,8.30,6.29
-3.75,7.99,5.82
-0.09,8.16,5.56
-0.18,7.87,5.49
-0.16,8.11,5.42
-0.02,8.35,5.60
0.03,7.88,5.46
-0.09,8.23,5.94
0.18,8.13,5.50
0.11,7.91,5.56
-1.79,7.89,5.74
-0.33,8.04,5.33
-3.71,7.64,6.16
-1.48,7.98,5.72
-0.33,8.10,5.44
-0.36,7.99,5.40
-0.14,8.04,5.39
-0.58,7.92,5.41
-0.26,8.11,5.58
-0.50,8.16,5.52
-1.32,8.00,5.61
-1.10,7.98,5.61
-0.66,8.03,5.53
0.41,8.09,5.36
0.15,8.12,5.36
0.77,8.11,5.37
0.42,8.21,5.37
1.48,8.22,5.25
0.97,8.07,5.19
-0.83,8.02,5.63
-0.93,8.01,5.68
-0.34,8.03,5.48
-1.02,7.99,5.62
-0.15,8.16,5.50
0.09,8.10,5.39
0.08,8.04,5.39
0.11,8.08,5.42
0.06,8.05,5.42
0.85,8.20,5.37
1.08,8.06,5.15
1.56,8.12,5.19
1.45,8.06,5.21
1.30,8.22,5.32
0.88,8.08,5.30
0.69,8.31,5.28
0.82,8.06,5.34
-0.01,7.95,5.47
-0.16,8.03,5.40
0.19,8.14,5.31
0.37,8.12,5.30
0.46,8.10,5.40
0.59,8.16,5.66
-0.16,8.02,5.44
-0.53,8.10,5.57
-0.70,7.89,5.62
-1.93,7.95,5.81
-1.63,7.99,5.71
-1.21,7.99,5.72
-0.46,8.05,5.48
-0.71,8.02,5.55
0.05,8.03,5.40
0.36,8.09,5.39
0.88,8.10,5.23
0.78,8.00,5.29
0.41,8.03,5.32
0.37,8.13,5.42
0.05,8.07,5.35
0.03,8.11,5.45
0.39,8.10,5.36
0.55,8.09,5.28
0.77,8.00,5.25
1.14,8.16,5.28
0.49,7.93,5.23
-0.56,8.11,5.53
0.06,8.04,5.44
-0.05,8.09,5.47
0.02,8.05,5.50
0.02,7.99,5.34
0.03,8.08,5.41
0.02,8.05,5.40
0.30,8.15,5.42
0.50,8.17,5.43
-0.28,8.06,5.50
-0.44,8.04,5.57
-0.01,8.15,5.41
-0.46,8.06,5.61
-1.02,8.06,5.66
0.01,8.08,5.51
0.02,7.96,5.47
1.64,8.20,5.21
1.64,8.17,5.32
1.50,7.97,4.94
0.40,8.25,5.24
0.02,7.93,5.46
0.00,8.04,5.42
-0.89,7.99,5.62
-0.32,8.21,5.63
-1.77,7.89,5.74
-0.43,8.01,5.48
0.11,8.16,5.40
0.00,8.08,5.46
0.11,8.07,5.38
0.44,8.07,5.33
0.13,8.11,5.41
0.45,8.07,5.33
0.21,8.10,5.54
0.97,8.18,5.29
1.65,8.13,5.17
1.37,8.17,5.18
0.17,8.07,5.46
1.47,8.14,5.17
0.79,8.33,5.37
1.13,8.11,5.27
0.33,7.92,5.37
0.81,7.88,5.23
0.89,7.87,5.05
0.20,8.10,5.46
-0.24,7.83,5.58
0.15,7.98,5.32
0.73,8.00,5.18
0.67,8.04,5.29
0.05,8.06,5.38
-0.50,8.20,5.61
-0.24,8.01,5.54
-0.07,8.18,5.67
0.21,8.14,5.44
0.00,8.15,5.51
-0.09,8.01,5.42
-0.02,8.01,5.40
-0.06,8.19,5.35
-0.07,7.93,5.38
0.15,8.13,5.40
0.46,8.06,5.47
0.15,8.08,5.48
0.87,8.28,5.59
-0.19,7.77,5.57
-0.15,7.91,5.31
-0.12,8.13,5.44
0.10,8.24,5.59
-0.20,7.93,5.60
-0.53,7.88,5.48
-1.11,7.92,5.63
-0.40,7.90,5.53
0.02,8.02,5.53
0.20,7.93,5.45
0.02,7.99,5.54
-0.46,8.06,5.68
-0.12,8.06,5.54
0.18,7.95,5.52
0.12,8.13,5.72
0.21,7.96,5.53
0.10,7.97,5.47
0.11,8.02,5.54
0.23,8.04,5.44
1.08,8.13,5.41
0.40,7.98,5.45
0.26,8.15,5.60
0.19,7.89,5.28
0.27,8.10,5.57
0.61,8.15,5.45
0.09,8.00,5.66
-0.11,8.11,5.40
-0.09,7.93,5.51
-0.14,7.91,5.49
0.26,8.00,5.63
0.25,7.95,5.48
0.08,7.88,5.40
-0.48,8.17,5.62
-0.78,8.00,5.62
-0.21,8.10,5.69
-0.71,8.02,5.66
-0.05,8.04,5.64
-0.11,7.85,5.42
-0.02,8.04,5.65
0.02,8.01,5.62
-0.48,7.96,5.58
0.14,8.09,5.57
0.41,7.99,5.35
0.46,8.01,5.35
0.06,7.98,5.48
0.47,8.10,5.64
-0.01,8.04,5.35
-1.15,7.94,5.61
-0.40,7.96,5.56
-0.07,8.00,5.45
0.39,8.12,5.40
0.08,7.97,5.47
-0.00,8.01,5.55
1.03,8.12,5.46
0.74,8.12,5.40
1.04,8.19,5.29
0.64,7.94,5.31
0.56,7.91,5.36
0.23,7.78,5.18
0.70,8.30,5.60
0.70,8.04,5.47
0.48,8.15,5.56
0.32,7.81,5.10
0.20,8.28,5.62
-0.01,8.08,5.62
-0.13,7.95,5.47
-0.00,7.97,5.51
-0.08,8.09,5.68
-0.08,8.05,5.54
-1.18,7.88,5.67
-0.25,7.89,5.41
-0.11,8.06,5.49
-0.09,8.00,5.54
-0.55,8.05,5.74
-0.07,8.00,5.41
-0.85,7.93,5.60
0.42,8.02,5.41
0.06,7.93,5.40
0.78,8.07,5.33
1.35,8.17,5.46
0.43,8.01,5.39
0.79,8.01,5.40
1.02,7.99,5.25
0.95,7.99,5.33
0.81,8.23,5.51
0.08,7.80,5.56
0.36,7.84,5.55
0.28,7.92,5.63
0.27,8.03,5.62
0.25,7.99,5.42
-0.02,7.89,5.33
-0.11,8.02,5.52
-0.04,7.97,5.55
-0.02,8.01,5.59
-1.16,7.85,5.94
-1.08,7.92,5.74
-0.30,8.00,5.68
-0.01,8.01,5.42
0.36,8.13,5.58
0.52,8.02,5.34
0.09,8.03,5.48
0.31,8.12,5.50
0.36,8.12,5.55
-0.09,8.13,5.46
0.25,8.02,5.32
0.70,8.12,5.47
0.76,8.13,5.28
0.93,8.19,5.33
0.72,8.10,5.54
0.98,8.21,5.31
0.78,8.00,5.25
0.77,8.13,5.43
0.25,7.94,5.54
0.04,8.04,5.52
-0.13,8.19,5.59
-0.21,8.15,5.57
-1.82,7.77,5.76
-0.82,7.94,5.71
-1.03,7.94,5.52
-0.19,8.04,5.38
-0.09,8.03,5.44
-0.64,7.87,5.60
-0.21,8.05,5.45
-0.45,7.96,5.52
0.09,7.97,5.50
0.19,8.07,5.44
0.03,8.08,5.53
0.00,8.08,5.50
0.21,8.07,5.30
0.20,8.21,5.51
0.53,8.08,5.54
-0.02,7.97,5.60
0.26,7.93,5.48
0.36,8.06,5.56
0.72,7.95,5.39
-0.05,7.96,5.49
-0.80,7.93,5.74
-1.39,7.85,5.85
-0.24,8.03,5.57
-0.46,8.12,5.67
-0.64,8.03,5.59
0.77,8.11,5.42
-0.07,8.03,5.46
-0.47,7.97,5.54
0.05,8.03,5.42
0.13,8.06,5.48
0.10,8.07,5.53
0.10,8.06,5.47
0.15,8.07,5.49
0.16,8.00,5.44
0.13,8.05,5.51
0.14,8.03,5.40
0.10,8.07,5.50
0.07,8.05,5.45
0.09,8.06,5.51
0.42,8.06,5.37
1.09,8.13,5.40
1.15,8.21,5.33
0.71,8.12,5.29
0.03,8.11,5.50
0.02,8.06,5.53
-0.03,7.99,5.54
0.04,7.94,5.53
0.13,8.11,5.57
0.32,8.12,5.49
0.93,8.12,5.41
0.49,8.01,5.37
0.35,8.10,5.39
1.19,8.11,5.27
1.24,8.14,5.39
0.49,7.95,5.52
0.22,8.10,5.60
0.63,8.07,5.47
0.62,7.95,5.48
0.18,7.84,5.17
0.29,8.36,5.36
-0.11,8.03,5.57
-0.10,8.10,5.59
0.10,8.09,5.53
0.11,8.06,5.29
0.34,7.93,5.39
0.52,8.05,5.35
0.95,8.18,5.28
0.23,8.17,5.30
0.00,8.22,5.44
0.03,8.43,5.51
-0.66,7.97,5.68
-0.09,8.01,5.30
0.13,8.15,5.37
-0.04,8.03,5.56
0.70,8.16,5.25
0.80,8.33,5.46
0.15,8.12,5.37
-0.10,8.07,5.34
0.12,8.01,5.43
-0.10,8.03,5.41
-0.37,7.82,5.42
0.24,8.09,5.34
0.26,8.13,5.46
-0.07,8.33,5.65
0.06,8.20,5.34
-0.05,8.21,5.62
-0.02,8.11,5.42
-0.14,7.99,5.25
0.02,8.00,5.51
0.15,8.09,5.46
0.09,7.76,5.42
0.11,8.22,5.67
0.04,8.00,5.61
0.27,8.10,5.59
0.41,8.15,5.29
0.26,8.08,5.47
0.63,8.02,5.46
0.58,8.23,5.38
0.70,8.07,5.40
0.72,8.27,5.48
0.04,7.99,5.38
0.09,7.87,5.39
0.15,7.90,5.28
0.10,8.11,5.62
0.45,7.70,5.03
0.65,7.86,5.36
-0.14,8.34,5.20
0.59,8.03,5.31
0.61,8.19,5.52
0.47,8.28,5.46
-0.01,8.44,5.48
0.85,8.26,5.47
0.14,8.17,5.33
0.46,7.94,5.32
0.06,7.96,5.47
0.06,8.05,5.59
-0.05,8.30,5.58
0.46,8.06,5.51
0.01,7.87,5.16
0.08,7.80,5.32
0.13,7.21,5.16
0.03,8.17,5.31
0.03,8.07,5.35
-0.20,8.02,5.54
-0.22,8.01,5.71
-0.25,7.91,5.38
-0.25,7.88,5.33
-1.52,7.60,5.74
-0.10,8.10,5.48
-1.87,7.91,5.84
-0.33,7.90,5.51
0.23,7.98,5.54
0.05,8.00,5.45
0.03,8.13,5.45
0.02,8.06,5.55
0.04,8.23,5.45
0.05,8.10,5.40
0.35,8.12,5.53
0.48,8.10,5.08
0.40,8.04,5.17
0.32,8.03,5.45
0.42,8.14,5.52
0.33,8.01,5.53
0.05,8.22,5.44
0.28,8.07,5.42
0.71,8.10,5.40
0.24,8.00,5.71
0.31,8.06,5.68
0.40,8.10,5.33
0.94,8.13,5.42
0.73,8.17,5.17
0.75,8.14,5.50
0.52,8.37,5.54
0.58,8.05,5.27
0.62,7.90,5.32
0.84,8.64,5.55
0.73,8.07,5.19
0.70,8.12,5.42
0.53,8.01,5.48
0.47,7.99,5.40
0.13,8.16,5.57
-0.22,8.01,5.40
-0.20,8.17,5.57
-0.24,7.87,5.52
-0.17,8.07,5.44
-0.26,8.22,5.77
-0.07,7.97,5.70
-0.90,7.91,5.54
-0.18,7.91,5.36
-0.77,8.06,5.76
-0.15,8.07,5.73
0.23,8.09,5.58
0.01,8.06,5.65
0.13,8.00,5.52
0.27,8.06,5.50
0.52,8.11,5.34
0.79,8.07,5.27
0.79,8.21,5.54
0.70,7.89,5.40
0.89,8.05,5.17
0.93,8.17,5.31
0.28,8.01,5.44
0.39,7.78,5.27
0.75,7.89,5.34
0.71,8.19,5.52
-0.14,7.76,5.69
0.06,8.04,5.60
-0.09,8.05,5.37
0.13,8.18,5.41
-0.03,8.01,5.42
0.01,8.12,5.57
0.09,8.13,5.60
0.32,8.30,5.94
0.00,7.77,5.61
-0.06,7.97,5.26
-0.69,7.95,5.76
-2.41,7.74,6.03
-1.94,7.67,5.82
-0.21,7.88,5.70
-0.59,7.95,5.60
-1.38,7.98,5.92
-0.08,8.01,5.52
-0.21,8.00,5.53
0.13,8.03,5.34
-0.07,7.84,5.40
-0.01,8.19,5.49
-0.37,7.79,5.81
0.05,7.89,5.57
0.08,8.07,5.73
0.18,8.25,5.70
0.78,8.11,5.55
0.59,7.73,5.21
0.29,7.67,5.30
0.38,7.20,5.13
0.90,8.02,5.75
0.58,8.19,5.65
0.24,7.85,5.62
0.62,8.27,5.68
0.92,7.98,5.45
0.88,8.44,5.27
0.71,7.91,5.51
0.60,8.02,5.27
0.60,7.91,5.78
0.68,7.91,5.54
0.45,7.93,5.28
0.47,7.94,5.55
0.47,7.85,5.63
0.46,8.10,5.42
0.41,7.99,5.51
0.37,7.84,5.46
0.03,7.93,5.57
-0.11,7.57,5.58
-0.20,7.77,5.74
0.09,7.83,5.58
-0.18,7.64,5.28
0.14,7.91,5.52
0.02,7.76,5.77
0.38,8.10,5.52
0.28,8.02,5.52
0.62,7.86,5.83
0.70,7.95,5.34
0.86,8.03,5.84
0.35,7.89,5.30
1.04,8.16,5.68
1.13,7.83,5.63
1.46,8.28,5.22
1.56,7.99,5.02
0.24,7.80,6.11
0.52,7.63,5.92
1.10,7.95,5.63
0.01,8.03,5.60
-0.16,8.24,5.45
-0.14,8.02,5.28
-1.78,7.98,5.75
-1.45,7.89,6.06
-0.31,7.98,5.63
-0.30,8.27,5.41
-0.23,8.12,5.23
-0.19,8.30,5.02
0.03,8.27,5.34
-0.09,8.01,5.24
-0.75,7.91,5.52
-0.21,8.01,5.47
-0.23,8.13,5.52
-0.21,8.00,5.42
-0.20,7.89,5.43
-2.22,8.04,5.85
-0.31,8.12,5.49
-0.21,8.03,5.12
0.59,8.46,5.18
0.39,8.08,5.20
-0.17,8.05,5.18
-1.12,8.19,5.43
-1.29,8.33,5.38
-0.33,8.13,5.25
-0.37,8.12,5.35
-0.94,7.88,5.53
-0.23,8.05,5.54
-0.08,8.23,5.40
-0.31,8.12,5.42
-1.12,7.86,5.34
-0.35,8.14,5.40
-0.13,8.07,5.29
0.41,8.23,5.41
-0.74,8.06,5.39
-0.89,7.88,5.62
-0.23,8.05,5.42
0.84,8.14,5.28
0.27,7.81,5.47
-0.05,7.96,5.57
0.17,8.06,5.31
1.62,8.41,4.63
0.92,8.24,4.90
-0.01,8.18,5.30
0.06,8.13,5.38
-0.43,7.95,5.48
-0.50,8.09,5.52
-0.54,8.12,5.74
0.01,8.05,5.43
0.16,8.02,5.30
-0.05,8.13,5.49
-0.34,8.08,5.46
0.36,8.15,5.43
-0.05,7.96,5.09
0.23,8.21,5.39
0.26,8.08,5.29
-1.03,8.06,5.63
-0.05,8.15,5.45
0.04,8.05,5.31
-0.10,8.12,5.39
-0.55,8.28,5.33
-1.17,7.94,5.48
0.02,8.12,5.44
-0.00,8.20,5.41
-0.02,8.21,5.49
-0.06,8.09,5.31
-0.00,8.11,5.33
1.25,8.23,5.34
0.40,8.19,5.54
-0.03,7.99,5.38
-0.37,7.97,5.44
-0.02,8.12,5.37
0.10,8.05,5.39
0.30,8.31,5.16
0.66,8.11,5.09
0.28,8.27,5.34
-0.39,8.04,5.41
0.14,8.05,5.26
-0.36,8.03,5.27
0.06,8.17,5.35
-0.50,8.07,5.56
0.26,8.14,5.42
0.22,8.13,5.57
0.47,8.10,5.32
0.10,8.02,5.45
0.39,7.92,5.43
0.81,8.25,5.26
0.68,8.26,5.40
-0.18,8.14,5.35
-1.05,7.95,5.34
-0.38,8.04,5.50
0.52,8.23,5.36
0.65,8.15,5.20
0.72,8.23,5.42
-0.28,8.20,5.56
0.79,8.08,5.35
0.19,8.01,5.44
-0.01,8.13,5.48
-0.34,7.93,5.34
-0.37,8.20,5.55
0.15,7.96,5.25
0.05,8.17,5.54
0.18,8.16,5.53
-0.17,8.25,5.41
0.28,8.27,5.31
0.13,8.05,5.40
-0.19,8.09,5.52
0.46,8.17,5.19
0.63,8.18,5.23
0.15,8.24,5.39
0.01,8.05,5.32
-0.21,8.36,5.55
-0.06,8.12,5.27
-0.27,8.01,5.49
0.13,8.38,5.43
0.21,8.29,5.55
0.52,8.03,5.15
0.06,8.08,5.41
-0.02,8.01,5.20
0.10,8.04,5.30
-0.22,8.19,5.36
-1.06,8.23,5.64
-1.68,7.36,5.90
-0.36,8.00,5.54
-0.10,7.99,5.65
0.68,8.23,5.41
1.00,8.14,5.27
0.10,8.06,5.33
-0.08,8.17,5.47
0.49,8.10,5.42
0.36,8.16,5.32
-1.30,7.91,5.66
-0.98,8.04,5.42
0.07,8.00,5.40
0.29,8.18,5.48
-0.00,8.11,5.35
-0.02,8.16,5.28
0.22,8.19,5.39
0.01,8.15,5.50
0.29,8.07,5.66
0.54,8.25,5.29
0.49,8.20,5.28
0.32,8.19,5.48
0.49,8.41,5.46
0.83,8.06,5.21
0.95,8.23,5.32
0.79,8.10,5.23
0.43,8.09,5.48
0.32,8.14,5.47
0.83,8.15,5.22
0.83,8.20,5.53
0.65,8.10,5.41
0.42,8.12,5.23
0.40,7.94,5.24
0.10,8.08,5.37
-0.23,7.99,5.41
0.27,8.06,5.49
0.11,8.07,5.27
0.23,8.24,5.17
0.38,8.16,5.50
-0.17,8.02,5.32
-0.16,8.06,5.24
-0.80,8.02,5.42
-1.65,8.10,5.61
-0.18,8.29,5.47
-0.05,8.14,5.31
0.10,8.20,5.32
0.34,8.19,5.30
1.94,8.45,5.30
1.11,8.06,5.10
0.05,7.99,5.40
0.90,8.15,5.19
0.91,8.21,5.19
0.87,8.24,5.34
0.68,8.02,5.42
1.07,8.27,5.25
0.35,8.12,5.31
-0.50,8.01,5.31
-0.22,7.97,5.39
0.33,8.31,5.58
0.56,8.35,5.31
-0.10,8.50,5.73
-0.69,8.06,5.47
-0.05,8.23,5.19
-0.70,8.05,5.42
0.64,8.13,5.33
1.42,8.11,5.11
0.06,8.08,5.39
-0.37,8.27,5.46
0.76,8.13,5.28
0.65,8.45,5.12
0.62,8.13,5.20
-0.41,8.06,5.59
0.27,8.22,5.39
0.33,8.19,5.28
0.55,8.07,5.39
0.20,8.17,5.35
-0.07,8.11,5.27
0.99,8.22,5.50
0.89,8.03,5.17
0.11,8.18,5.42
0.43,8.12,5.30
1.26,7.95,5.63
1.16,8.09,5.53
0.93,8.28,5.03
0.59,8.25,4.88
0.49,8.35,5.17
-0.53,9.02,6.01
-0.28,8.19,5.26
-0.37,8.01,5.36
-0.19,7.93,5.70
-0.35,8.13,5.37
0.26,8.08,5.06
0.71,8.15,5.12
0.41,8.24,5.24
-0.05,8.03,5.16
-0.32,8.12,5.43
-0.21,8.07,5.45
-0.03,8.17,5.23
-0.34,8.09,5.24
-0.36,8.00,5.50
-0.10,8.07,5.19
-0.06,8.14,5.45
0.71,8.04,5.16
1.28,8.13,4.93
0.80,8.27,5.24
0.59,8.32,5.41
0.09,8.28,5.40
0.31,8.21,5.45
0.11,8.34,5.28
0.65,8.24,5.26
1.15,8.14,5.07
0.92,8.21,5.01
0.68,8.20,5.22
-0.04,8.29,5.44
-0.19,8.07,5.41
0.25,8.06,5.33
0.46,8.14,5.37
0.93,8.15,5.28
0.32,8.01,5.18
0.31,8.16,5.40
0.49,8.05,5.17
0.53,8.07,5.23
-0.10,8.01,5.38
0.70,8.05,5.13
0.47,8.34,5.36
0.53,8.26,5.34
-0.09,8.16,5.36
0.51,8.16,5.41
0.54,8.27,5.17
-0.01,8.04,5.28
0.18,8.03,5.38
0.23,8.17,5.32
-0.20,7.96,5.37
0.60,7.76,5.23
0.45,8.05,5.29
-0.01,8.05,5.31
0.04,8.12,5.43
0.12,8.12,5.33
0.35,8.14,5.09
0.63,8.09,5.44
0.33,8.19,5.35
0.49,8.05,5.36
0.93,8.26,5.32
0.21,8.02,5.50
0.09,8.14,5.41
-0.30,8.10,5.36
-0.33,8.04,5.46
-0.99,7.98,5.49
-0.78,8.08,5.50
-1.09,7.91,5.59
-0.36,8.05,5.48
0.11,8.00,5.27
0.04,8.10,5.35
0.22,8.14,5.52
0.86,8.15,5.15
1.51,8.12,4.87
0.74,8.11,5.30
0.97,8.23,5.27
0.49,8.28,5.43
0.40,7.95,5.40
-0.01,7.96,5.21
0.44,8.07,5.49
0.41,8.42,5.98
-0.32,8.09,5.31
-0.37,8.04,5.38
0.11,8.09,5.45
0.18,8.00,5.23
0.07,8.07,5.51
0.81,8.02,5.26
1.26,8.27,5.29
0.26,8.07,5.40
0.31,8.11,5.32
0.70,8.13,5.30
0.18,8.19,5.40
-0.46,8.10,5.42
-0.43,7.98,5.32
-0.06,8.12,5.53
0.06,8.08,5.44
0.04,8.05,5.50
-0.70,8.06,5.57
0.02,8.12,5.39
0.66,8.14,5.15
0.58,8.11,5.28
0.65,8.12,5.10
0.45,8.09,5.41
0.10,8.22,5.44
0.47,8.15,5.31
-0.43,7.99,5.15
-0.83,8.04,5.53
0.27,8.11,5.27
1.51,8.21,5.10
1.23,8.25,5.10
0.88,8.09,5.00
0.41,8.07,5.12
0.26,8.34,5.35
-0.76,8.05,5.48
0.00,8.12,5.27
0.36,8.30,5.35
0.32,8.19,5.14
0.06,8.27,5.32
-0.38,8.14,5.45
0.04,8.07,5.35
-0.03,8.14,5.41
-0.01,8.14,5.38
-0.58,8.11,5.43
0.32,8.25,5.24
0.48,8.01,5.20
0.57,8.25,5.36
0.89,8.18,5.17
0.49,8.08,5.19
0.16,8.15,5.25
0.25,8.18,5.35
0.05,8.12,5.42
0.53,7.99,5.29
0.25,8.19,5.30
0.07,8.14,5.23
-0.20,8.06,5.42
0.02,8.14,5.28
0.02,8.02,5.29
0.49,8.12,5.09
0.08,8.15,5.29
0.56,7.96,5.31
0.22,8.04,5.39
0.07,8.21,5.45
0.59,8.25,5.31
-1.33,8.02,5.51
-0.09,8.15,5.36
-0.75,8.01,5.41
0.50,8.13,5.33
0.55,8.22,5.30
0.43,8.16,5.28
0.16,8.14,5.35
0.24,8.14,5.37
0.64,8.17,5.17
0.53,8.15,5.40
-0.31,8.10,5.33
0.03,8.09,5.25
0.41,8.22,5.21
0.67,8.17,5.23
0.94,8.11,5.14
0.47,8.30,5.24
0.36,8.21,5.24
0.47,8.16,5.28
0.58,8.21,5.53
0.35,8.27,5.20
-0.58,8.30,5.42
-0.43,8.10,5.40
0.51,8.21,5.28
0.08,8.14,5.29
1.60,8.42,5.29
1.32,7.96,5.27
0.98,7.85,5.46
0.06,7.63,5.55
-0.11,8.20,4.92
-0.59,8.35,4.89
-0.07,8.18,5.41
-0.59,7.98,5.38
-0.03,8.07,5.42
0.35,8.08,5.36
1.06,8.03,5.19
0.78,8.24,4.95
0.81,8.17,4.98
-0.09,8.17,4.95
-0.43,8.30,5.25
-0.40,8.21,5.25
0.10,8.23,5.20
0.52,8.25,5.27
0.30,8.16,5.09
0.15,8.27,5.30
-0.14,8.07,5.27
-0.19,8.20,5.27
0.04,8.32,5.44
-1.03,8.01,5.50
-0.07,8.15,5.41
0.41,8.13,5.21
0.04,8.10,5.31
0.89,8.23,5.45
0.46,8.22,5.32
0.76,8.06,5.18
-0.19,8.05,5.41
-0.13,8.11,5.39
-0.19,8.08,5.32
-0.07,8.09,5.34
1.04,8.12,5.19
0.25,8.14,5.23
0.25,8.08,5.25
0.28,8.07,5.31
0.31,8.08,5.39
0.19,8.06,5.31
0.06,8.10,5.37
0.18,8.14,5.41
0.09,8.13,5.38
-0.25,8.15,5.37
0.11,8.06,5.39
0.55,8.19,5.29
0.84,8.01,5.19
0.79,8.15,5.16
0.04,8.19,5.36
-0.04,8.04,5.28
-0.16,8.13,5.44
0.52,8.12,5.26
0.48,8.08,5.25
0.01,8.14,5.37
0.49,8.02,5.25
0.70,8.13,5.14
0.12,8.14,5.27
0.49,8.20,5.32
-0.24,8.00,5.39
0.16,8.22,5.47
0.79,8.20,5.45
0.44,8.13,5.31
0.27,8.20,5.51
0.22,8.17,5.10
0.00,8.15,5.27
0.30,8.12,5.31
0.80,8.08,5.27
1.17,8.26,5.30
1.41,8.25,5.38
0.81,8.06,5.24
0.71,8.33,5.30
-0.08,8.00,5.18
0.82,8.13,5.29
0.66,8.30,5.34
0.05,7.91,5.27
0.09,8.19,5.49
-0.34,7.85,5.54
0.01,8.15,5.28
0.41,8.20,5.23
0.60,8.04,4.89
0.48,8.34,5.18
0.88,8.60,5.71
-0.28,8.09,5.41
-0.37,8.24,5.40
-0.02,8.10,5.29
0.12,8.11,5.48
0.52,8.16,5.14
0.59,7.96,5.11
0.75,8.37,5.29
0.71,8.34,5.28
-0.03,8.28,5.46
-0.31,8.07,5.46
-0.22,7.97,5.34
0.29,8.13,5.49
0.43,8.38,5.45
0.58,8.30,5.33
0.36,8.10,5.25
0.13,8.09,5.39
0.47,8.14,5.29
0.41,8.11,5.21
-0.18,8.14,5.39
0.37,8.08,5.03
0.87,8.17,5.17
0.81,8.14,5.22
1.06,8.31,5.22
0.04,8.23,5.47
0.31,8.33,5.40
-0.01,8.17,5.44
-0.34,8.05,5.34
0.12,8.09,5.37
0.75,8.18,5.21
0.69,8.25,5.20
1.05,8.12,4.98
1.11,8.30,5.02
0.97,8.10,5.06
0.09,7.96,5.24
-0.17,8.19,5.71
-0.09,8.01,5.44
-0.21,7.99,5.22
-0.28,8.20,5.18
-1.54,7.94,5.57
-0.67,8.02,5.30
-0.30,8.05,5.68
-0.35,8.18,5.47
0.39,8.25,5.32
1.15,8.15,5.15
0.78,8.29,5.21
0.45,8.29,5.16
-0.00,8.14,5.09
0.22,8.06,5.25
0.10,8.01,5.30
0.22,8.20,5.44
-0.18,8.22,5.23
0.17,8.10,5.20
0.25,8.23,5.20
0.62,8.18,5.30
0.67,8.32,4.91
0.65,8.13,5.06
0.59,8.31,5.07
0.59,8.09,5.29
0.16,7.91,5.25
0.25,8.02,5.35
0.34,8.14,5.37
0.79,8.03,5.28
0.37,8.11,5.28
0.64,8.25,5.39
0.76,8.11,5.10
0.74,8.35,5.19
0.09,8.22,5.44
0.36,8.35,5.31
0.30,8.17,5.52
-0.03,8.22,5.41
0.02,8.02,5.31
0.59,8.20,5.34
0.35,8.14,5.17
0.25,8.08,5.24
-0.09,8.03,5.42
0.16,8.12,5.50
0.19,8.03,5.44
0.39,8.12,5.37
0.55,8.25,5.42
0.82,8.14,5.03
0.94,8.27,5.32
0.92,8.23,5.23
1.31,8.36,5.38
1.28,8.32,5.26
1.04,8.34,5.48
0.55,8.42,5.16
-0.15,8.13,5.32
-0.31,8.01,5.23
0.32,8.15,5.54
-0.09,8.06,5.23
-0.26,8.30,5.60
-0.26,8.23,5.26
-0.28,8.23,5.44
-0.30,8.03,5.39
0.62,8.15,5.06
0.89,8.10,5.31
0.77,8.33,5.01
0.73,8.02,5.19
0.17,8.00,5.21
-0.11,8.18,5.09
0.83,8.25,4.95
0.97,8.16,5.16
-0.11,8.09,5.18
0.46,8.33,5.18
0.68,8.34,5.37
0.62,8.24,5.21
-0.01,8.09,5.08
-0.33,8.22,5.41
-0.22,8.18,5.38
0.21,8.23,5.22
-0.14,8.15,5.47
-0.22,8.22,5.35
-0.24,8.09,5.49
-0.24,8.04,5.39
0.14,8.15,5.69
0.74,8.21,5.51
0.80,8.05,5.43
1.39,8.05,5.13
0.52,8.26,5.29
0.25,7.93,5.17
-0.07,8.09,5.40
0.34,7.93,5.38
0.62,8.06,5.18
0.79,8.07,5.35
-0.19,7.99,5.58
-0.14,7.94,5.49
-0.29,7.91,5.54
-0.24,8.17,5.48
-0.17,8.21,5.57
-0.66,8.20,5.51
-0.13,7.89,5.42
0.23,8.10,5.41
1.01,8.15,5.33
0.47,8.04,5.35
0.89,8.30,5.55
0.74,8.04,5.43
0.01,8.12,5.34
-0.00,7.93,5.47
0.59,8.08,5.38
0.85,7.95,5.58
0.09,7.97,5.81
0.09,7.48,5.26
0.21,7.80,5.77
-0.02,7.93,5.74
-0.02,7.80,5.69
-0.55,7.84,5.67
-0.12,7.76,5.66
-0.45,7.90,5.76
-0.34,8.03,5.83
0.20,7.95,5.78
0.60,8.03,5.90
1.30,8.06,5.33
1.08,8.07,5.62
1.00,7.95,5.56
1.26,8.09,5.48
1.46,8.15,5.36
0.86,7.96,5.66
0.03,7.94,5.94
0.29,7.63,5.72
0.24,8.02,5.61
0.57,7.70,5.63
0.82,8.12,5.73
0.71,8.20,5.68
0.76,7.83,5.63
0.91,7.89,5.74
0.86,7.90,5.61
0.53,7.80,5.51
0.73,7.90,5.84
0.10,7.75,5.74
-0.17,7.71,5.93
-0.11,7.71,5.89
-3.47,7.67,6.64
-0.01,7.86,5.97
-0.20,7.70,6.06
0.02,7.73,5.91
1.04,7.84,5.75
0.02,7.73,5.62
0.91,7.86,5.75
1.38,7.75,5.59
1.30,7.72,5.53
1.34,7.73,5.63
1.31,7.88,5.63
1.09,7.75,5.50
1.17,7.86,5.70
0.87,7.92,5.55
-0.20,7.90,5.89
0.45,8.01,5.72
0.20,7.80,5.86
-1.56,7.48,6.05
-0.25,7.80,5.97
-0.19,7.64,6.03
0.05,7.73,5.78
1.24,7.95,5.97
1.28,7.85,5.46
1.09,7.72,5.56
1.19,8.16,5.38
0.36,7.78,5.60
0.28,7.67,5.76
1.00,7.99,5.56
0.12,7.81,6.14
-0.17,7.61,6.01
-0.19,7.78,5.84
0.35,8.21,6.08
0.57,7.89,5.92
1.15,7.69,5.63
1.07,7.95,5.81
1.30,7.99,5.80
1.09,7.87,5.66
0.43,7.75,5.55
0.35,7.96,5.78
0.41,7.86,5.91
0.78,7.92,5.70
1.13,7.67,5.71
1.01,7.91,5.91
0.76,8.02,5.80
0.76,7.65,5.79
0.69,7.96,6.06
0.74,8.06,5.67
0.81,7.74,5.61
1.02,7.78,5.59
0.75,7.98,5.67
0.59,7.73,5.29
0.80,8.16,5.75
0.27,8.24,5.80
0.18,7.72,5.97
0.02,7.65,5.85
0.44,8.26,6.05
0.85,7.99,5.40
0.96,8.21,5.63
0.85,7.87,5.56
0.69,8.11,5.87
0.83,7.86,5.58
0.76,7.93,5.71
0.83,7.75,5.58
0.15,7.81,6.04
0.82,7.79,5.73
0.65,7.99,5.71
0.33,7.94,5.54
0.14,7.89,5.67
-0.12,7.91,5.50
0.34,7.92,5.63
0.99,7.77,5.34
1.13,7.85,5.23
0.85,7.85,5.30
0.77,7.66,5.65
0.37,7.77,5.62
0.64,7.94,5.63
0.91,7.68,5.34
0.90,8.34,5.74
0.25,7.98,5.46
0.10,8.04,5.52
0.88,7.82,5.29
0.77,8.09,5.36
0.46,7.96,5.48
0.65,8.18,5.39
0.79,7.99,5.27
0.56,8.21,5.55
-0.20,7.87,5.67
-0.10,7.87,5.51
0.52,7.93,5.45
1.00,7.93,5.15
1.02,8.03,5.16
0.93,8.27,5.20
0.16,8.18,5.53
0.28,8.09,5.32
-0.04,8.08,5.51
-0.69,7.95,5.51
0.03,8.05,5.37
0.55,8.07,5.32
0.09,8.18,5.23
-0.07,8.22,5.08
0.86,8.15,5.11
1.02,8.13,5.25
1.26,8.17,5.12
1.12,8.27,5.24
1.07,8.01,5.29
0.78,8.20,5.28
0.17,8.01,5.65
0.13,8.56,5.68
0.56,8.41,5.17
0.55,8.18,5.23
0.93,8.21,4.82
0.93,8.14,4.98
0.41,8.10,4.95
0.20,8.09,5.18
0.62,8.11,5.11
0.63,7.96,4.89
0.61,8.12,5.22
-0.10,8.07,5.26
0.20,8.38,5.44
0.74,8.34,5.17
0.96,8.36,5.46
0.63,8.35,4.98
0.69,8.41,5.23
0.63,8.12,4.96
0.61,8.29,5.21
0.69,8.15,5.16
0.03,7.90,5.44
0.25,8.33,5.31
0.29,8.05,5.34
0.10,8.09,5.26
0.85,8.39,5.18
0.82,8.23,5.17
1.14,8.09,4.71
0.11,8.00,5.27
0.52,8.41,5.23
0.62,7.97,5.23
0.65,7.97,4.93
0.81,8.30,5.01
0.65,8.33,5.18
0.62,8.57,5.12
0.65,8.04,5.05
0.16,8.39,5.16
-0.25,8.19,5.06
0.41,8.00,5.22
0.97,8.27,5.09
0.75,8.41,4.95
0.70,8.17,5.12
0.73,8.16,5.04
0.74,8.24,5.10
0.78,8.24,5.28
0.79,8.02,5.06
0.90,8.29,5.15
0.85,8.41,5.21
0.83,8.43,5.40
0.77,8.12,5.12
0.73,8.41,5.13
0.13,8.26,5.23
0.26,7.89,5.07
0.59,8.16,5.17
0.61,8.06,4.91
0.52,8.25,5.26
0.52,8.17,5.22
0.66,8.65,5.25
0.50,8.74,5.15
-0.07,8.42,5.24
0.28,8.35,5.18
0.20,8.35,5.22
0.17,7.90,5.22
0.65,8.10,5.27
0.23,8.07,5.44
0.04,7.82,5.32
-0.01,8.01,5.42
-0.59,8.35,5.36
-0.01,8.12,4.85
0.49,8.25,4.92
0.71,8.24,5.26
0.66,8.10,5.06
0.18,8.33,5.22
0.61,8.37,5.04
0.73,8.23,5.02
-0.05,8.07,5.33
0.01,8.20,5.26
0.85,8.19,4.93
0.15,8.19,5.15
0.53,8.39,5.30
0.99,8.42,5.06
0.75,8.14,5.33
0.91,8.33,5.32
0.47,8.15,4.97
-0.03,8.25,5.22
0.00,8.19,5.31
-0.07,8.16,5.23
-0.25,8.06,5.24
0.21,8.11,5.36
1.01,8.27,5.24
0.83,8.05,5.45
0.87,8.24,5.17
0.09,8.22,5.29
-0.01,8.08,5.34
0.39,8.28,5.57
0.92,8.48,5.09
0.10,8.25,5.16
-1.22,8.12,5.42
-0.38,8.28,5.20
-0.01,8.15,5.20
0.26,8.14,5.07
0.05,8.31,5.25
1.02,8.31,4.95
1.15,8.28,4.99
1.31,8.59,5.07
1.38,8.32,5.07
0.44,8.33,4.92
0.25,8.04,5.06
0.96,8.14,4.99
0.93,8.16,5.21
0.44,8.06,4.99
0.67,8.29,4.99
0.21,8.29,5.06
-0.59,8.27,5.30
-2.01,8.10,5.47
-0.39,8.28,5.07
0.28,8.43,5.20
0.19,8.27,5.16
0.11,8.31,5.14
0.25,8.23,5.16
-0.07,8.31,5.15
-0.52,8.18,5.30
-0.08,8.24,5.19
0.54,8.11,4.93
1.75,8.39,4.93
1.95,8.43,4.73
1.81,8.27,5.02
1.65,8.27,4.84
1.15,8.20,4.96
0.97,8.35,5.25
0.86,8.08,5.14
0.55,8.26,5.21
0.06,8.22,5.39
-0.17,8.12,5.28
-0.35,8.09,5.30
-0.44,8.19,5.21
-0.17,8.33,5.35
1.22,8.34,5.12
1.15,8.37,4.93
0.65,8.34,5.24
0.17,8.34,5.13
0.85,8.37,5.20
1.28,7.99,5.02
0.30,8.07,5.11
0.34,8.28,5.08
0.28,8.22,5.32
0.12,8.32,5.22
0.13,8.05,4.94
-0.03,8.04,5.04
-0.09,8.13,5.10
0.17,8.31,5.09
0.32,8.11,5.00
-0.32,8.42,5.25
-0.13,8.30,4.94
0.32,8.17,4.88
0.42,8.20,4.95
0.81,8.23,4.79
0.66,8.35,5.22
-0.83,8.09,5.37
-0.22,8.11,5.21
-0.03,8.19,5.15
1.59,8.34,4.96
1.16,8.31,4.99
0.52,8.29,5.14
-0.33,8.20,5.21
-0.68,8.16,5.30
0.59,8.29,5.05
1.10,8.18,4.82
-0.27,8.19,5.18
0.53,8.48,5.32
0.47,8.19,5.13
0.40,8.23,5.14
0.98,8.23,5.04
1.84,8.33,4.90
0.73,8.23,5.14
1.00,8.26,5.05
0.55,8.27,5.01
-0.03,8.28,5.11
-0.41,8.12,5.21
0.50,8.34,5.18
0.82,8.24,5.07
0.77,8.30,5.05
0.67,8.34,5.12
0.76,8.25,5.19
0.70,8.31,5.07
0.90,8.23,5.09
0.79,8.21,5.02
0.74,8.12,5.20
0.85,8.23,5.05
0.11,8.14,5.10
-0.43,8.22,5.18
-0.12,8.16,5.10
0.19,8.26,5.14
0.96,8.30,5.09
1.12,8.30,4.85
0.62,8.23,5.06
-0.30,8.22,5.25
0.03,8.20,5.19
0.19,8.17,5.11
-0.12,8.18,5.12
0.39,8.17,5.09
0.68,8.26,4.98
0.60,8.36,5.18
1.59,8.31,4.89
0.65,8.35,5.12
-0.32,8.19,5.17
0.19,8.23,5.11
0.21,8.28,5.17
-0.00,8.21,5.07
0.54,8.29,5.11
0.72,8.32,5.02
1.64,8.37,4.92
1.68,8.36,5.02
1.20,8.20,4.89
1.30,8.22,5.09
1.22,8.28,5.17
0.81,8.31,5.01
0.63,8.17,5.18
-0.31,8.21,5.14
-0.42,8.18,5.26
-0.12,8.26,5.23
0.44,8.20,5.10
0.65,8.45,5.12
1.30,8.35,4.88
0.36,8.25,5.18
0.95,8.27,5.15
1.16,8.23,4.89
1.03,8.33,4.95
0.79,8.20,4.95
0.41,8.36,5.02
-0.04,8.26,5.19
-1.48,8.23,5.44
-0.15,8.30,5.13
-0.47,8.11,5.13
-0.37,8.16,5.11
-0.04,8.25,5.22
-0.08,8.20,5.12
0.37,8.28,5.04
0.72,8.28,5.11
0.73,8.26,5.02
1.40,8.31,4.98
0.85,8.19,4.84
0.83,8.22,5.09
1.13,8.14,4.95
1.04,8.05,4.81
0.86,8.27,5.16
0.36,8.30,5.39
0.93,8.29,5.05
0.15,8.28,5.29
-0.25,8.18,5.24
-0.67,8.06,5.13
-0.46,8.04,5.16
-0.43,8.32,5.25
-0.03,8.21,5.29
0.44,8.06,5.11
0.66,8.10,5.06
-0.04,8.16,5.27
-0.05,8.18,5.20
-0.11,8.15,5.19
0.05,8.22,5.12
0.35,8.13,5.11
0.51,8.14,5.01
0.47,8.25,5.11
0.34,8.20,5.08
-0.58,8.21,5.37
-0.63,8.25,5.22
-0.68,8.14,5.29
0.38,8.09,4.97
0.34,8.21,5.14
0.31,8.26,5.11
0.33,8.24,5.05
0.30,8.26,5.09
0.35,8.23,5.08
0.30,8.24,5.14
0.32,8.25,5.07
0.29,8.26,5.11
0.34,8.25,5.09
0.31,8.23,5.03
0.29,8.19,5.01
0.32,8.23,5.09
0.28,8.26,5.10
0.31,8.24,5.09
0.34,8.23,5.06
0.31,8.24,5.12
0.34,8.23,5.08
0.29,8.26,5.13
0.30,8.27,5.12
0.33,8.20,5.03
0.31,8.25,5.11
0.34,8.25,5.16
0.32,8.25,5.10
0.34,8.22,5.02
0.35,8.25,5.07
1.04,8.33,4.92
2.37,8.36,4.82
1.48,8.25,4.93
1.23,8.23,4.99
0.47,8.25,5.18
0.46,8.42,5.16
0.71,8.27,4.98
0.62,8.14,5.11
0.38,8.25,5.07
-1.21,8.07,5.36
-0.38,8.13,5.19
-1.27,8.11,5.42
-0.50,8.17,5.13
-0.31,8.22,5.24
0.25,8.22,5.11
0.31,8.26,5.09
0.31,8.23,5.07
0.27,8.25,5.14
0.25,8.28,5.13
0.27,8.26,5.11
0.28,8.25,5.14
0.30,8.24,5.06
0.26,8.26,5.14
0.27,8.26,5.09
0.32,8.24,5.11
0.29,8.26,5.13
0.29,8.29,5.18
0.24,8.24,5.07
0.32,8.23,5.06
0.27,8.24,5.05
0.29,8.24,5.07
1.13,8.38,5.00
1.56,8.28,4.94
0.97,8.31,5.03
0.45,8.25,5.14
0.26,8.23,5.06
0.52,8.17,4.98
0.56,8.34,5.05
0.89,8.23,4.97
0.25,8.32,5.14
-0.17,8.32,5.27
0.52,8.25,5.07
-0.59,8.27,5.34
-0.25,8.26,5.24
0.97,8.34,4.94
1.26,8.34,5.01
1.09,8.28,5.01
0.91,8.32,5.03
1.30,8.26,4.97
1.27,8.30,4.96
0.89,8.21,4.89
0.82,8.17,5.18
0.71,8.24,5.17
0.86,8.08,5.18
0.81,8.15,5.26
0.15,8.14,5.36
-0.99,8.19,5.52
-0.66,8.03,5.43
-0.69,8.05,5.46
-0.20,8.15,5.18
-0.07,8.09,5.41
-0.39,8.05,5.28
0.38,8.15,5.15
1.51,8.23,5.17
1.44,8.28,5.12
1.17,8.24,5.01
1.04,8.19,5.34
0.01,8.07,5.34
0.10,8.08,5.06
-0.39,8.12,5.37
-0.09,8.03,5.21
0.06,8.21,5.33
0.64,8.27,5.27
0.22,8.24,5.34
0.71,8.27,5.44
0.82,8.18,5.24
-0.11,8.15,5.08
0.25,8.33,5.29
-0.28,7.97,5.00
-0.06,8.28,5.33
0.41,8.09,4.99
-1.05,8.12,5.53
-0.38,8.22,5.33
-0.09,8.26,5.12
0.13,8.21,5.15
0.01,8.11,5.21
-0.17,8.25,5.18
-0.09,8.15,5.09
-0.89,8.15,5.35
-0.47,8.18,5.33
-0.68,8.08,5.29
-0.14,8.13,5.26
-0.37,8.12,5.27
0.43,8.36,5.33
0.23,8.25,5.20
0.20,8.21,5.21
0.18,8.22,5.22
0.67,8.19,5.10
1.74,8.27,4.99
1.48,8.27,5.11
0.61,8.25,5.01
0.51,8.28,5.18
0.92,8.26,4.98
0.10,8.17,5.24
0.56,8.31,5.10
0.19,8.24,5.10
-0.84,8.08,5.41
-0.07,8.20,5.25
0.48,8.26,5.01
0.46,8.32,4.99
0.31,8.16,5.10
0.94,8.32,5.06
0.78,8.16,5.09
0.29,8.17,5.16
-0.20,8.35,5.26
-0.93,8.30,5.29
-1.23,8.04,5.46
-0.24,8.23,5.24
-0.10,8.27,5.29
0.46,8.25,5.11
0.61,8.22,5.02
1.26,8.33,5.06
1.11,8.36,5.02
1.25,8.26,5.17
0.75,8.15,5.08
-0.01,8.20,5.13
0.09,8.03,5.24
0.35,8.09,5.23
-0.32,8.28,5.17
0.21,8.17,5.22
-1.20,8.00,5.39
-1.28,8.00,5.42
-0.31,8.18,5.33
-0.06,8.24,5.19
0.30,8.17,5.07
-0.81,8.06,5.20
-0.36,8.14,5.24
0.55,8.27,5.08
0.72,8.27,5.08
0.33,8.28,5.15
-0.06,8.30,5.29
1.29,8.32,4.90
1.36,8.16,4.99
0.31,8.34,5.18
-0.09,8.23,5.10
-0.94,8.07,5.36
-0.50,8.19,5.33
-1.02,8.12,5.36
0.11,8.28,5.17
0.07,8.28,5.20
0.75,8.23,5.04
0.35,8.25,5.09
0.10,8.24,5.29
0.70,8.23,5.01
0.94,8.18,5.03
1.67,8.23,4.94
1.04,8.33,5.07
-0.28,8.32,5.28
1.08,8.33,5.17
1.01,8.15,4.96
0.93,8.40,5.19
0.77,8.07,5.13
-0.24,8.21,5.59
0.08,8.15,5.32
-0.73,8.03,5.33
-0.63,8.09,5.27
-0.49,8.16,5.31
-0.90,8.15,5.44
-1.62,7.97,5.51
-0.18,8.17,5.44
0.53,8.15,5.37
0.02,8.22,5.27
-0.05,8.13,5.25
-0.03,8.14,5.31
0.35,8.22,5.28
0.67,8.21,5.19
-0.38,8.15,5.34
-0.08,8.20,5.24
-0.03,8.21,5.27
-0.91,8.25,5.41
-0.48,8.12,5.36
-0.25,8.24,5.38
-0.38,8.12,5.29
-0.30,8.08,5.19
0.58,8.17,5.09
-0.00,8.24,5.26
-0.79,8.12,5.44
-0.15,8.32,5.43
0.05,8.19,5.24
0.07,8.17,5.29
0.51,8.15,5.14
1.28,8.25,5.02
1.44,8.28,5.13
0.51,8.18,5.23
-0.53,8.15,5.25
0.54,8.20,5.27
-0.30,8.17,5.47
-0.63,8.13,5.48
0.11,8.10,5.18
-0.41,8.16,5.39
-0.14,8.13,5.29
-0.34,8.07,5.18
-0.52,8.18,5.36
-0.11,8.36,5.46
0.08,8.17,5.28
0.04,8.19,5.30
-0.01,8.20,5.22
0.07,8.17,5.31
0.07,8.16,5.21
0.05,8.16,5.24
0.09,8.16,5.26
0.06,8.17,5.22
0.03,8.18,5.26
0.08,8.20,5.29
0.08,8.18,5.28
0.05,8.16,5.27
0.10,8.15,5.26
0.62,8.19,5.16
0.15,8.11,5.23
0.06,8.05,5.07
0.10,8.18,5.29
0.09,8.19,5.30
0.07,8.17,5.24
0.04,8.16,5.28
0.03,8.15,5.28
1.14,8.13,5.04
1.63,8.22,5.17
0.66,8.16,5.22
0.48,8.10,5.24
-0.47,8.20,5.41
-0.16,8.17,5.33
0.41,8.12,5.23
0.25,8.16,5.25
-0.59,7.99,5.39
0.22,8.23,5.34
-0.39,8.05,5.39
-0.18,8.13,5.27
-0.25,8.13,5.41
-0.04,8.16,5.29
0.03,8.08,5.25
0.26,8.15,5.25
-0.11,8.17,5.27
-0.47,8.09,5.35
0.63,8.20,5.20
0.10,8.11,5.31
0.08,8.14,5.20
0.05,8.13,5.32
0.06,8.16,5.29
0.07,8.15,5.30
0.86,8.13,5.07
1.96,8.24,4.96
0.61,8.22,5.22
-0.74,8.13,5.39
-0.54,8.17,5.38
-0.65,8.03,5.44
-0.11,8.20,5.40
-0.40,8.09,5.41
-0.42,8.12,5.41
0.57,8.21,5.18
0.10,8.16,5.27
0.08,8.15,5.30
0.08,8.12,5.31
0.13,8.13,5.35
0.11,8.14,5.27
0.12,8.12,5.24
0.96,8.17,5.07
0.86,8.19,5.10
0.10,8.07,5.21
0.38,8.26,5.26
0.92,8.21,5.07
1.76,8.25,4.90
0.89,8.07,4.99
1.07,8.17,5.38
0.94,8.16,5.21
0.24,8.06,5.20
-0.29,8.31,5.56
0.35,8.07,5.47
-0.54,8.19,5.39
-0.42,8.12,5.28
0.68,8.16,5.13
0.11,8.23,5.29
-0.52,8.29,5.25
0.97,8.44,4.80
1.33,8.42,4.94
1.31,8.18,4.94
1.16,8.24,4.88
1.23,8.29,5.04
1.24,8.17,5.08
0.62,8.32,5.15
0.08,8.09,5.39
-0.18,7.98,5.38
-0.12,8.49,6.20
0.73,8.12,5.43
-0.17,8.07,5.74
0.99,7.94,5.64
0.33,8.10,5.32
0.95,8.55,5.36
0.07,8.23,5.46
0.03,8.25,5.51
0.15,8.07,5.17
0.24,8.21,5.52
0.01,8.09,5.43
-0.20,8.24,5.26
-0.32,8.30,5.38
-0.89,7.79,5.20
-1.73,8.16,5.85
-0.23,8.11,5.24
0.45,8.20,5.41
-0.10,8.09,5.39
-0.12,8.16,5.39
0.33,8.35,5.25
0.29,7.94,5.18
0.18,8.04,5.22
0.05,8.25,5.43
0.03,8.14,5.26
-0.45,7.96,5.21
-0.95,8.12,5.52
1.10,8.05,4.97
0.36,8.15,5.28
1.68,8.24,5.06
1.08,8.23,5.15
1.03,8.21,5.10
0.97,8.34,5.14
0.72,8.15,5.17
0.29,8.07,5.34
0.01,8.06,5.38
-0.11,8.04,5.29
1.00,8.19,5.09
1.41,8.16,5.17
-0.33,8.24,5.40
-0.19,7.97,5.26
-0.25,8.14,5.36
-0.10,8.23,5.48
0.21,8.23,5.26
1.13,8.09,5.08
0.83,8.14,5.46
-0.34,7.95,5.51
0.02,8.16,5.07
0.87,8.19,5.13
-0.45,8.23,5.33
-0.58,8.11,5.23
0.39,8.14,5.38
2.03,8.42,5.20
1.69,8.05,4.89
1.32,8.21,5.14
1.49,8.08,4.74
0.12,8.23,5.28
0.03,8.29,5.55
-2.14,8.14,6.05
-0.01,8.06,5.57
-0.03,8.07,5.31
1.42,7.74,5.79
0.78,7.12,6.30
1.04,6.58,6.74
2.58,7.06,6.60
1.66,7.23,6.68
1.11,7.55,5.71
0.71,7.62,5.42
0.24,7.85,5.85
-0.23,7.95,5.67
0.51,7.76,5.97
0.47,8.19,5.18
0.70,7.71,5.37
2.06,7.60,6.18
2.57,7.89,6.54
1.57,6.82,5.66
0.26,7.28,6.58
0.52,7.39,6.12
-0.22,8.14,5.61
0.14,7.76,5.30
0.72,8.10,6.45
0.91,7.96,5.73
0.85,8.27,5.25
0.49,8.34,4.57
-0.05,7.79,5.09
-0.22,8.63,5.91
-0.01,8.39,5.60
-0.15,7.56,5.24
0.09,7.83,5.64
-0.15,7.42,5.38
-0.41,7.25,5.71
-0.01,7.84,5.75
-0.35,8.83,5.09
-0.51,8.82,4.54
-0.85,8.63,4.49
-0.45,8.68,4.58
-0.14,8.26,4.68
-1.06,8.44,5.10
-2.36,8.27,5.47
-1.82,7.89,5.11
-1.97,7.97,5.91
-0.28,8.02,5.25
-0.67,8.05,5.59
-0.81,7.90,5.60
-1.05,7.84,5.66
-0.96,8.06,5.66
-1.55,7.81,5.83
-1.27,8.00,5.85
0.39,8.07,5.46
0.20,8.00,5.41
0.13,8.05,5.48
0.17,8.00,5.48
0.15,8.02,5.51
0.15,8.03,5.49
0.16,7.99,5.43
0.20,8.02,5.46
0.11,8.03,5.50
0.17,8.01,5.52
0.15,7.99,5.49
0.16,7.97,5.42
0.17,8.01,5.47
0.18,7.99,5.43
0.15,8.01,5.49
0.18,8.02,5.51
0.18,8.01,5.47
0.12,8.00,5.48
0.18,8.02,5.48
0.17,8.03,5.49
0.20,8.01,5.49
0.16,8.00,5.45
0.13,8.04,5.53
0.16,8.01,5.54
0.16,8.01,5.50
0.13,8.01,5.48
0.13,8.02,5.51
0.15,8.02,5.52
0.19,8.00,5.50
0.15,8.03,5.54
0.09,8.03,5.47
0.17,8.01,5.46
0.17,8.00,5.51
0.19,7.98,5.45
0.14,7.98,5.40
0.17,8.01,5.48
0.14,8.00,5.45
0.15,8.02,5.45
0.18,8.01,5.50
0.18,7.99,5.47
0.17,8.02,5.46
0.16,8.03,5.52
0.21,7.97,5.43
0.18,8.04,5.53
0.16,8.00,5.51
0.17,8.02,5.51
0.15,8.04,5.54
0.17,8.00,5.47
0.16,8.02,5.51
0.15,8.01,5.46
0.17,8.01,5.52
0.17,8.00,5.46
0.18,8.01,5.50
0.16,8.01,5.49
0.17,8.02,5.49
0.18,8.00,5.50
0.19,8.03,5.51
0.15,8.03,5.52
0.18,8.02,5.52
0.15,7.99,5.50
0.20,8.01,5.51
0.22,7.99,5.44
0.17,8.01,5.45
0.13,8.02,5.53
0.73,8.09,5.32
1.66,8.09,5.29
-0.07,8.01,5.50
0.13,8.03,5.30
0.16,8.14,5.58
0.25,7.94,5.57
0.72,7.99,5.66
1.04,8.06,5.41
1.30,8.22,5.17
1.17,8.19,5.28
0.97,8.32,5.20
0.85,8.09,5.09
0.68,8.08,5.26
0.97,8.22,5.15
0.99,8.07,4.94
0.30,8.30,4.99
0.08,8.21,5.24
-1.87,8.02,5.85
-0.24,8.00,5.35
0.35,8.34,5.43
0.10,8.51,5.06
0.45,8.20,5.29
-0.04,8.04,5.10
0.56,8.43,5.01
0.25,8.40,5.18
0.47,8.26,5.22
0.56,8.43,5.38
0.34,8.03,4.96
-0.33,8.40,5.03
-0.18,8.46,4.95
0.74,8.40,4.86
0.85,8.37,5.20
1.08,8.46,5.17
0.62,8.56,4.82
0.09,8.01,4.79
0.12,8.02,5.46
-0.11,8.13,5.35
-0.07,7.66,5.59
0.06,7.68,6.33
0.86,7.59,6.08
0.11,7.51,5.76
0.10,8.01,6.53
0.20,7.97,5.80
-0.03,7.22,6.33
-0.04,5.99,4.89
0.21,7.41,6.33
0.27,7.76,6.17
0.32,7.98,6.02
0.08,7.68,5.94
-0.14,7.35,6.38
0.61,7.30,6.08
0.86,7.91,5.69
0.72,7.81,5.52
0.97,7.91,5.65
0.81,8.64,5.90
0.70,8.35,6.08
-0.01,8.57,5.89
-0.17,8.12,5.43
-0.10,8.62,5.91
0.05,8.01,6.09
-0.12,7.72,5.54
0.12,7.89,5.37
-1.21,7.42,5.45
-1.90,7.64,6.10
-2.75,7.96,5.66
-2.11,7.67,5.62
-2.01,7.92,5.70
-0.77,8.21,5.50
-0.49,8.07,5.44
-1.25,8.19,5.57
-0.69,8.02,5.52
-0.13,8.14,5.26
-0.53,8.06,5.36
0.15,8.21,5.29
-0.56,8.12,5.40
-0.02,8.18,5.29
0.02,8.14,5.23
0.03,8.15,5.28
-0.00,8.15,5.26
0.03,8.16,5.24
0.02,8.14,5.23
0.05,8.14,5.28
0.04,8.14,5.20
0.02,8.15,5.27
0.01,8.19,5.25
0.03,8.15,5.24
0.01,8.13,5.22
0.07,8.14,5.29
0.02,8.16,5.24
0.01,8.16,5.30
0.04,8.17,5.28
-0.02,8.17,5.29
0.05,8.17,5.30
0.03,8.14,5.20
0.02,8.15,5.26
0.03,8.16,5.26
0.04,8.15,5.27
0.05,8.16,5.34
0.02,8.16,5.26
0.06,8.17,5.36
-0.00,8.15,5.27
0.02,8.15,5.30
0.02,8.16,5.24
0.05,8.17,5.33
0.02,8.15,5.29
0.02,8.16,5.31
0.02,8.17,5.29
0.03,8.17,5.32
0.04,8.16,5.28
0.02,8.16,5.28
0.02,8.17,5.31
0.02,8.15,5.24
0.06,8.16,5.30
0.01,8.16,5.24
0.01,8.17,5.30
0.04,8.17,5.29
0.02,8.17,5.32
0.03,8.15,5.28
0.01,8.16,5.26
-0.02,8.17,5.32
0.07,8.17,5.34
0.05,8.14,5.26
0.03,8.17,5.33
0.03,8.15,5.21
0.00,8.16,5.26
0.03,8.14,5.28
0.02,8.15,5.27
0.01,8.17,5.28
0.04,8.15,5.30
0.06,8.17,5.33
0.02,8.16,5.27
0.02,8.16,5.21
0.09,8.13,5.27
0.04,8.18,5.27
0.01,8.14,5.24
-0.00,8.16,5.25
0.05,8.15,5.29
0.00,8.14,5.26
-0.00,8.16,5.30
0.01,8.18,5.26
0.04,8.19,5.26
0.01,8.15,5.30
0.00,8.16,5.27
0.07,8.14,5.29
0.06,8.18,5.33
0.02,8.17,5.28
0.02,8.15,5.33
0.01,8.17,5.25
-0.01,8.15,5.26
0.03,8.16,5.30
-0.01,8.16,5.23
0.04,8.13,5.25
0.03,8.16,5.27
0.00,8.16,5.26
0.03,8.16,5.29
0.02,8.17,5.29
0.01,8.16,5.30
0.05,8.16,5.31
0.03,8.15,5.27
0.02,8.17,5.29
0.02,8.18,5.31
0.02,8.17,5.31
-0.00,8.15,5.25
0.03,8.19,5.31
0.01,8.17,5.27
0.05,8.15,5.29
0.04,8.15,5.24
0.02,8.17,5.31
0.00,8.17,5.26
0.07,8.17,5.33
0.06,8.18,5.26
0.02,8.17,5.23
0.03,8.14,5.30
0.04,8.17,5.29
0.02,8.15,5.24
0.03,8.12,5.25
0.03,8.13,5.23
0.05,8.17,5.32
0.03,8.17,5.24
-0.01,8.16,5.31
0.02,8.19,5.29
0.00,8.15,5.29
1.00,8.13,4.93
1.23,8.23,5.05
0.57,8.25,5.25
2.25,8.22,5.01
2.59,8.05,4.68
2.26,8.29,5.08
1.57,8.62,5.05
-0.09,7.91,5.36
0.65,9.15,6.05
1.00,8.12,5.66
0.12,7.15,5.82
-0.32,7.90,5.29
-2.10,7.43,5.87
-0.17,8.18,5.67
-3.53,7.95,5.51
-5.50,6.03,5.71
-4.27,7.13,5.14
-4.28,7.15,5.08
-4.59,6.94,5.36
-4.32,7.20,5.35
-3.49,7.67,5.02
-4.00,7.74,4.41
-4.48,7.81,4.16
-3.04,8.66,4.15
-2.92,8.67,2.41
2.42,7.56,5.56
2.34,7.37,6.10
2.42,7.59,6.17
1.96,7.49,6.32
1.94,7.83,6.12
1.36,7.59,5.79
0.32,8.35,5.78
-0.15,8.03,5.92
0.21,7.79,5.87
0.61,7.89,5.48
0.07,7.40,5.62
0.30,7.97,5.64
-0.14,7.06,5.82
-0.34,7.72,6.50
-0.58,7.51,6.29
-0.44,7.35,5.17
-1.51,7.88,5.24
0.12,7.59,5.47
0.82,8.36,6.16
1.60,7.88,5.41
0.62,8.31,5.87
0.61,8.39,5.79
0.15,7.98,5.86
-0.55,8.01,5.80
-1.00,8.06,5.59
-0.44,7.82,5.54
-0.56,7.67,5.29
-1.79,8.46,4.87
0.79,8.05,5.22
0.59,8.24,5.88
0.14,7.74,5.45
-0.46,7.90,5.57
-1.45,8.17,5.28
-1.03,8.04,5.40
0.14,7.79,5.56
0.20,7.94,5.30
0.17,8.26,5.65
-0.03,7.94,5.61
-0.03,8.05,5.41
0.06,7.89,5.32
1.40,7.80,5.62
0.60,7.99,5.74
0.70,8.03,5.64
0.56,7.65,5.61
-0.22,7.85,5.31
0.07,7.83,5.48
-0.90,8.07,5.39
-1.21,8.07,5.62
0.13,7.88,5.45
0.12,7.56,5.54
-1.12,8.19,5.23
0.64,7.81,5.55
0.39,7.99,5.60
0.45,7.95,5.59
0.44,7.92,5.61
0.46,7.92,5.55
0.42,7.95,5.62
0.46,7.94,5.62
0.37,7.96,5.63
0.45,7.92,5.62
0.44,7.95,5.61
0.45,7.92,5.58
0.48,7.90,5.56
0.38,7.95,5.56
0.44,7.98,5.54
0.45,7.95,5.65
0.46,7.92,5.54
0.44,7.90,5.53
0.43,7.94,5.59
0.42,7.92,5.56
0.45,7.91,5.62
0.47,7.89,5.53
0.42,7.93,5.59
0.41,7.97,5.57
0.45,7.93,5.57
0.46,7.90,5.60
0.45,7.92,5.62
0.43,7.93,5.61
0.43,7.93,5.62
0.42,7.95,5.59
0.46,7.94,5.64
0.47,7.92,5.53
0.45,7.91,5.61
1.16,7.81,5.64
1.60,7.78,5.75
1.18,7.86,5.62
0.25,7.99,5.71
0.71,7.98,5.86
1.21,7.64,5.60
0.87,8.02,5.81
1.36,7.73,5.93
0.97,8.03,5.59
0.81,8.22,5.70
0.79,7.97,5.51
0.70,7.99,5.49
-1.03,8.12,4.97
-0.10,7.90,5.74
0.16,7.04,5.48
-0.87,7.04,6.78
-0.66,7.38,6.62
-0.59,7.78,6.10
-0.84,7.83,5.65
-0.01,7.76,5.81
-0.01,7.68,5.88
0.69,7.60,5.84
1.39,7.26,6.08
2.30,7.25,6.08
1.74,7.41,5.85
1.57,7.28,5.84
1.71,7.48,5.61
1.62,7.69,5.88
1.49,7.42,5.63
0.37,7.95,5.68
0.27,7.35,5.49
0.05,7.87,5.81
-0.11,7.77,5.81
0.00,7.77,5.54
-0.33,7.87,5.62
-0.71,7.80,5.46
-1.40,7.80,5.48
-2.21,8.20,5.45
-2.12,8.09,5.66
-0.92,7.98,5.58
-0.78,8.02,5.62
0.32,7.77,5.74
0.29,7.80,5.75
0.27,7.83,5.85
0.26,7.81,5.79
0.30,7.81,5.75
0.27,7.82,5.77
0.29,7.82,5.77
0.26,7.79,5.73
0.28,7.80,5.73
0.33,7.78,5.73
0.31,7.81,5.74
0.31,7.82,5.80
0.26,7.81,5.82
0.29,7.81,5.82
0.27,7.81,5.77
0.32,7.79,5.70
0.28,7.81,5.73
0.28,7.82,5.79
0.29,7.78,5.70
0.34,7.78,5.78
2.84,7.42,6.25
1.92,7.21,6.17
1.87,7.01,5.56
1.73,7.43,5.90
1.35,7.58,6.13
1.22,7.47,6.16
1.08,7.73,6.03
0.97,7.41,5.80
1.19,7.44,5.73
0.49,7.29,5.39
0.20,7.88,5.82
-0.00,8.09,5.94
0.13,8.05,6.09
-0.22,8.27,6.09
-0.10,7.89,6.04
0.92,7.51,5.77
0.41,7.94,5.97
0.60,8.15,5.78
0.54,8.05,5.90
0.23,7.35,6.01
0.91,7.44,6.31
1.27,8.12,5.86
0.54,7.85,5.37
-0.03,8.22,5.67
0.18,8.23,5.32
0.06,7.95,6.06
0.77,7.47,5.46
0.13,8.03,5.95
0.25,7.60,5.53
0.00,8.19,6.02
-0.13,7.92,5.65
-0.61,7.55,5.47
-0.08,7.97,5.77
-0.28,8.09,5.66
0.03,7.99,5.67
-0.64,7.95,5.29
-0.06,8.12,5.80
-0.12,8.15,5.67
0.32,7.77,5.73
0.40,7.94,6.00
0.12,7.88,5.86
1.04,7.67,5.83
0.79,7.91,6.01
0.44,8.02,5.81
0.28,8.05,5.46
0.47,8.33,6.73
0.47,7.64,5.49
0.18,7.27,5.45
0.43,7.27,5.33
0.20,8.12,5.62
-0.55,8.25,5.31
0.03,7.82,5.77
0.68,7.75,5.90
0.26,8.18,5.73
0.45,7.92,5.83
0.67,7.94,5.56
0.74,8.04,5.35
1.06,7.39,6.07
1.05,7.12,5.20
1.15,7.60,6.36
0.74,7.54,6.15
-0.04,7.62,5.71
-1.01,8.30,5.78
-1.55,8.20,5.76
-2.02,8.16,5.74
-2.00,8.11,5.63
-1.40,8.19,5.74
-0.71,8.01,5.68
0.08,7.76,5.88
-0.05,7.88,5.88
0.25,7.61,5.70
-0.66,7.80,5.77
-0.42,7.96,5.84
-0.36,7.89,5.73
-0.97,8.01,5.58
0.31,7.77,5.75
0.27,7.74,5.73
0.30,7.80,5.78
0.26,7.78,5.77
0.33,7.81,5.86
0.27,7.81,5.80
0.32,7.81,5.81
0.30,7.79,5.84
0.29,7.78,5.83
0.28,7.79,5.80
0.29,7.81,5.85
0.30,7.80,5.80
0.30,7.78,5.84
0.28,7.79,5.78
0.28,7.81,5.71
0.32,7.77,5.78
0.25,7.80,5.82
0.28,7.81,5.85
0.27,7.82,5.79
0.31,7.80,5.82
0.28,7.83,5.82
0.28,7.80,5.81
0.34,7.79,5.83
0.30,7.77,5.80
0.31,7.79,5.76
0.28,7.78,5.77
0.30,7.78,5.74
0.26,7.81,5.79
0.31,7.79,5.85
0.31,7.79,5.78
0.27,7.78,5.77
0.27,7.80,5.76
0.28,7.82,5.77
0.27,7.82,5.82
0.30,7.78,5.83
0.29,7.80,5.75
0.31,7.79,5.82
0.33,7.79,5.82
0.30,7.79,5.79
0.28,7.80,5.84
0.25,7.80,5.84
0.32,7.78,5.75
0.30,7.79,5.81
0.32,7.76,5.76
0.27,7.81,5.81
0.30,7.78,5.74
0.30,7.78,5.80
0.33,7.77,5.74
0.92,7.70,5.98
1.02,7.73,6.00
2.06,7.51,5.95
1.93,7.46,5.97
1.04,7.62,5.99
0.62,7.77,5.95
0.61,7.75,5.94
0.13,7.94,5.84
0.01,8.10,5.84
0.14,8.02,5.59
0.34,8.02,4.59
0.29,8.40,5.02
0.40,8.42,5.15
-0.16,8.45,4.79
0.02,8.24,4.79
1.70,8.54,4.77
1.85,8.21,5.46
1.82,8.40,5.31
1.66,8.13,5.40
1.65,7.81,5.62
1.43,7.89,5.59
1.22,7.55,5.37
0.37,7.95,5.68
0.20,8.72,5.86
-0.28,8.84,5.32
-0.47,8.24,5.53
-1.24,8.17,5.41
-1.93,8.02,5.24
-1.60,8.18,5.30
-0.03,8.05,5.70
-0.34,8.12,5.59
-0.23,7.73,5.79
-0.33,8.01,5.51
-0.97,8.12,5.44
-0.51,8.05,5.51
0.45,8.05,5.74
0.43,7.92,5.57
0.41,7.93,5.61
0.36,7.92,5.60
0.33,7.95,5.59
0.39,7.89,5.59
0.33,7.96,5.60
0.40,7.91,5.57
0.37,7.94,5.62
0.36,7.91,5.56
0.40,7.91,5.60
0.40,7.94,5.59
0.38,7.91,5.60
0.38,7.92,5.57
0.39,7.94,5.60
0.37,7.94,5.62
0.41,7.94,5.60
0.39,7.91,5.61
0.38,7.90,5.62
0.44,7.92,5.54
0.36,7.92,5.62
0.40,7.93,5.61
0.42,7.92,5.57
0.40,7.91,5.63
0.36,7.93,5.60
0.40,7.95,5.62
0.38,7.93,5.61
0.34,7.96,5.58
0.38,7.94,5.58
0.34,7.93,5.59
0.39,7.93,5.62
0.41,7.92,5.60
0.39,7.94,5.61
0.36,7.92,5.58
0.40,7.92,5.54
1.14,7.84,5.61
1.01,7.79,5.73
2.24,7.87,5.90
1.75,7.66,5.67
0.27,8.07,5.57
0.57,7.80,5.76
0.26,8.01,5.86
0.10,8.13,5.53
0.20,7.85,5.85
0.09,7.61,5.69
-0.14,7.89,6.62
-0.34,6.26,7.44
0.77,6.42,8.00
1.02,5.95,7.84
1.85,7.88,6.03
1.68,7.62,6.09
1.28,7.49,5.76
1.35,7.96,5.70
1.48,7.67,5.60
1.09,8.42,6.18
1.15,7.55,5.63
0.31,8.15,5.70
0.49,8.02,5.63
0.48,7.96,5.77
-0.13,8.09,6.01
0.01,8.18,5.96
0.05,8.05,5.76
-0.20,7.71,5.18
-0.03,8.78,6.49
-0.86,7.52,4.86
-1.34,6.86,5.21
-4.43,7.99,6.83
-2.76,6.65,7.37
-1.28,5.95,8.07
1.53,6.13,7.63
1.76,7.44,6.24
1.61,7.46,6.33
1.30,7.33,6.67
1.15,6.87,6.14
0.99,7.53,6.16
0.10,7.40,6.08
-0.20,7.78,6.01
-0.30,7.60,5.40
-0.18,10.31,3.93
0.43,9.82,3.40
0.53,7.99,6.12
0.54,7.69,5.74
0.00,8.34,5.76
-0.76,9.11,4.48
0.23,11.25,2.96
0.91,9.32,3.25
0.23,8.28,5.62
0.04,7.95,5.73
-0.60,7.87,5.40
-1.45,8.24,4.81
-1.77,9.20,3.96
-0.03,9.12,3.83
1.27,9.02,3.47
0.63,10.34,3.69
1.38,8.97,3.90
1.05,8.16,5.24
0.34,8.63,6.12
0.20,8.41,5.30
-0.46,8.29,4.83
-1.15,7.97,5.22
-1.67,7.63,5.79
-2.06,7.40,6.43
-1.54,7.56,6.17
-2.15,7.70,5.90
-2.10,8.38,5.00
0.42,7.58,5.85
0.70,8.37,6.10
-0.07,7.90,5.83
-1.39,8.14,5.56
0.23,7.99,5.90
0.95,7.75,5.96
2.19,7.53,6.18
1.55,7.67,5.72
0.27,6.83,5.30
-1.22,7.78,5.46
-1.20,7.46,5.67
-1.52,6.68,6.98
-0.73,7.68,7.80
-1.26,7.22,5.68
-1.52,8.12,5.78
-1.03,7.12,7.12
-0.38,7.22,6.44
0.02,7.16,6.31
0.05,8.06,5.69
-0.05,7.77,5.80
-0.32,7.89,5.74
-0.51,7.76,5.84
-0.46,7.83,5.81
0.41,7.75,6.02
-0.33,7.81,5.86
0.47,7.69,5.89
0.26,7.77,5.78
0.33,7.77,5.88
-0.00,7.81,5.93
0.05,7.73,5.98
0.27,7.68,5.87
0.07,7.78,5.92
-0.25,7.89,5.73
0.17,7.71,5.98
0.81,7.59,6.05
-0.20,7.88,5.82
0.05,7.83,5.88
-0.08,7.56,5.95
0.47,7.58,6.02
0.74,7.67,5.96
0.58,7.72,5.85
0.52,7.89,5.92
-0.16,7.72,5.85
0.16,7.82,5.80
0.16,7.74,5.86
-0.12,7.85,5.90
-0.10,7.79,5.83
0.26,7.62,6.12
0.54,7.60,5.87
0.55,7.57,6.17
0.13,7.70,5.96
0.49,7.75,5.94
0.72,7.63,6.03
-0.03,7.71,5.98
0.08,7.72,5.93
0.25,7.76,5.92
0.11,7.77,5.99
0.08,7.75,5.95
-0.27,7.89,5.78
-0.25,7.70,5.85
0.58,7.64,5.98
0.83,7.61,6.02
0.23,7.67,5.92
0.20,7.68,5.88
0.24,7.70,5.97
1.44,7.75,4.97
0.74,7.94,5.55
0.70,7.97,5.52
0.72,7.94,5.49
0.69,7.97,5.50
0.73,7.96,5.50
0.70,7.93,5.49
0.71,7.95,5.58
0.70,7.95,5.51
0.73,7.97,5.51
0.75,7.98,5.55
0.75,7.96,5.54
0.74,7.96,5.52
0.75,7.97,5.52
-3.44,7.99,-0.24
-2.00,4.38,8.68
-2.95,4.37,9.36
