2020-09-04 18:48:00.306978: LOGGING STARTED
-0.76,7.41,6.27
-0.93,7.46,6.31
-1.05,7.40,6.44
-1.08,7.44,6.34
-0.80,7.42,6.49
-0.79,7.36,6.41
-0.92,7.45,6.33
-1.05,7.39,6.53
-0.74,7.38,6.31
-0.63,7.49,6.22
-0.63,7.48,6.23
-0.70,7.37,6.30
-0.74,7.50,5.99
-1.03,7.44,6.19
-0.77,7.35,6.50
-0.89,7.35,6.42
-1.10,7.43,6.11
-0.94,7.46,6.11
-0.57,7.54,6.18
-0.62,7.38,6.30
-0.66,7.48,6.50
-0.77,7.47,6.34
-0.95,7.39,6.17
-0.70,7.44,6.37
-0.19,7.75,6.19
-0.32,7.36,6.50
-0.55,7.33,6.41
-0.54,7.10,6.64
-0.78,7.25,6.31
-0.73,7.47,6.26
-1.14,7.47,6.13
-0.80,7.51,5.94
-1.02,7.79,6.10
-0.61,7.56,5.96
-0.73,7.30,6.21
-0.69,7.43,6.52
-0.71,7.34,6.27
-0.86,7.77,6.12
-1.07,7.68,5.98
-0.79,7.60,6.12
-0.60,7.51,6.06
-0.94,7.16,6.85
-1.06,7.22,6.36
-1.41,7.31,6.37
-0.88,7.53,6.41
-1.23,7.39,6.38
-1.31,7.53,6.23
-1.63,7.59,5.89
-1.37,7.42,6.57
-1.41,7.53,6.06
-1.22,7.69,6.14
-1.41,7.57,6.00
-2.23,7.43,5.90
-2.30,7.39,6.29
-1.72,7.30,6.06
-2.09,7.36,6.32
-1.32,7.58,5.88
-1.14,7.52,6.06
-0.88,7.62,6.26
-0.75,7.77,5.85
-0.33,7.47,6.19
-1.02,7.39,5.81
-0.55,7.39,6.54
-1.16,7.72,5.75
-1.26,7.33,6.45
-1.07,7.07,6.63
-0.85,7.67,5.97
-1.61,7.44,6.43
-0.38,7.05,6.18
-1.77,7.42,6.21
-2.75,7.36,5.92
-2.05,7.47,6.34
-1.85,7.49,5.97
-1.62,7.56,6.57
-0.64,7.58,6.15
-1.17,7.41,6.05
-0.32,7.15,7.10
-0.67,7.47,5.40
-1.29,7.76,5.34
-0.22,7.79,6.68
-1.17,7.84,6.12
-1.11,8.65,5.37
-1.48,9.08,4.68
-0.65,8.00,5.72
-0.51,8.17,5.34
-0.29,7.44,3.32
-1.23,6.87,5.90
-0.93,6.87,7.13
-1.57,6.45,7.53
-1.11,7.55,6.16
-0.84,7.83,5.79
-0.71,7.79,5.73
-0.67,8.11,5.61
-0.51,8.20,5.59
-1.91,7.60,9.11
-1.10,8.42,4.95
-1.61,8.50,4.15
-2.05,8.10,6.02
-1.47,8.71,4.50
-0.90,8.60,4.79
-0.36,8.02,5.49
0.25,7.60,5.82
-0.29,10.67,5.76
0.30,7.07,6.30
-0.57,7.27,6.08
-0.41,7.36,7.22
-0.73,6.88,7.10
-0.70,6.90,6.74
-0.47,6.38,7.31
0.12,7.16,6.79
-2.23,7.33,5.75
-1.07,7.05,5.51
-0.89,8.01,5.52
-0.93,8.01,5.82
-1.24,8.13,5.58
-1.19,8.53,5.06
-0.66,7.43,6.35
-0.73,7.65,6.33
-3.15,6.88,4.91
-0.15,7.95,5.40
-0.48,7.59,6.02
-0.89,7.22,6.67
-0.69,7.39,6.17
-0.90,7.37,6.16
0.16,6.97,6.19
-0.37,6.99,6.03
-0.17,7.73,5.85
-1.69,6.03,9.25
-1.25,7.44,6.66
-0.61,7.36,6.62
-1.53,6.87,6.64
-1.36,6.68,7.08
-3.10,5.87,6.25
-1.09,6.71,7.05
-1.69,7.21,6.70
-1.36,7.35,6.28
-1.06,7.37,6.19
-1.22,7.75,6.19
-1.16,7.70,6.44
-1.20,7.28,6.25
-1.21,7.41,6.56
-1.00,7.80,5.67
-0.84,7.84,5.97
-1.17,7.78,5.75
-0.60,8.21,5.37
-1.31,8.10,5.40
-2.33,8.16,5.12
-2.20,8.28,4.98
-1.32,8.04,5.57
-0.48,7.70,6.42
-0.18,8.38,4.84
-1.36,7.44,6.44
-0.87,7.35,5.92
-1.92,7.02,7.07
-2.23,7.93,5.45
-2.39,5.78,6.94
-1.38,7.10,6.26
-2.05,7.49,6.44
-1.08,5.78,7.51
-1.31,6.65,7.25
-1.59,7.26,6.41
-0.94,7.00,6.57
-1.44,7.05,6.47
-1.34,6.69,7.11
-1.39,6.88,7.09
-1.61,6.40,7.22
-1.15,7.36,6.24
-1.18,7.56,6.24
-1.10,7.50,6.30
-1.17,7.44,6.17
-1.30,7.56,6.03
-1.00,7.50,6.36
-1.22,7.48,6.34
-1.05,7.55,6.12
-1.20,7.49,6.11
-1.19,7.46,6.14
-1.25,7.54,6.09
-1.18,7.58,6.06
-1.27,7.46,6.10
-1.21,7.55,6.27
-1.33,7.56,6.08
-1.02,7.44,6.30
-1.20,7.49,6.35
-1.13,7.52,6.16
-1.34,7.54,5.96
-1.15,7.51,5.96
-1.27,7.51,6.27
-1.38,7.47,6.09
-1.05,7.55,6.30
-1.15,7.51,5.95
-1.37,7.55,5.99
-1.28,7.56,5.93
-1.11,7.55,6.04
-1.05,7.53,6.36
-1.14,7.56,6.30
-1.27,7.56,6.12
-1.00,7.46,6.30
-1.13,7.73,5.91
-0.89,7.59,6.22
-0.84,8.02,5.46
-0.50,8.38,5.20
-0.83,7.93,4.94
-0.90,8.02,5.57
-0.78,8.07,5.70
-1.15,8.07,5.53
-0.90,8.32,5.35
-1.09,8.57,5.17
-0.79,7.67,4.55
1.00,8.32,5.21
-0.43,7.78,5.40
-0.17,7.49,5.42
-1.00,7.90,5.22
-0.79,7.73,5.93
-1.14,7.94,5.57
-0.97,7.87,6.16
-1.06,7.88,6.56
-1.63,7.40,6.21
-0.69,7.55,5.60
-1.64,7.41,6.04
-1.40,7.35,6.17
-1.35,7.55,6.50
-0.77,7.25,6.19
-1.19,7.96,6.03
-0.81,7.34,6.87
-1.25,7.73,6.30
-1.54,7.55,6.47
-0.97,7.54,5.30
-1.00,7.85,6.27
-1.41,7.66,5.62
-0.45,7.44,6.94
-1.21,7.82,5.28
-1.62,7.59,6.26
-2.65,7.45,5.46
-1.07,7.53,6.04
-0.12,7.54,5.72
-1.61,7.49,6.72
-0.11,7.37,6.23
-1.13,7.69,6.10
-0.77,7.32,6.31
-0.64,7.64,5.86
-1.68,7.49,5.87
-1.08,7.48,7.00
-0.58,6.95,7.62
-1.05,7.51,7.29
-1.20,7.70,5.86
-1.69,7.89,5.75
-0.72,7.53,6.49
-1.57,6.69,7.39
-1.22,7.48,5.96
-1.38,7.46,6.03
-2.39,7.55,5.64
-1.26,7.08,6.72
-0.97,7.31,6.82
-1.02,6.67,7.58
-1.81,7.44,6.42
-2.51,7.32,6.53
-1.20,7.03,7.02
-1.84,6.99,7.13
-1.41,6.80,6.98
-1.99,6.83,6.70
-1.45,6.49,7.28
-1.63,6.21,7.61
-1.29,7.48,6.20
-1.24,7.44,6.33
-1.18,7.47,6.42
-1.32,7.35,6.35
-1.30,7.45,6.30
-1.37,7.41,6.41
-1.48,7.40,6.22
-1.39,7.77,5.83
-1.24,8.18,5.46
-1.25,8.23,4.96
-0.96,7.89,5.77
-0.58,7.92,5.93
-0.91,7.72,5.97
-0.66,7.52,6.27
-0.62,7.64,5.89
-1.66,7.71,6.51
-1.95,7.35,7.38
-1.74,7.13,6.11
-1.68,6.53,7.28
-1.56,6.41,7.18
-1.52,6.72,7.21
-1.21,7.04,6.25
-1.11,7.46,6.19
-1.25,7.43,6.11
-1.39,7.47,6.13
-1.01,7.44,6.45
-1.11,7.40,6.34
-1.25,7.42,6.15
-1.19,7.42,6.42
-1.15,7.40,6.14
-1.23,7.38,6.30
-1.22,7.43,6.47
-1.34,7.41,6.26
-1.18,7.38,6.07
-1.21,7.37,6.26
-1.22,7.42,6.35
-1.12,7.38,6.44
-1.16,7.39,6.12
-1.06,7.40,6.19
-1.18,7.42,6.29
-1.16,7.41,6.19
-1.21,7.41,6.01
-1.13,7.50,6.37
-1.10,7.39,6.31
-1.35,7.44,6.15
-1.08,7.42,6.44
-1.21,7.39,6.42
-1.00,7.37,6.35
-1.10,7.42,6.44
-1.13,7.44,6.46
-1.21,7.43,6.35
-1.20,7.42,6.47
-1.09,7.63,6.01
-1.11,7.49,6.31
-1.33,7.21,6.44
-0.96,7.28,6.50
-1.45,6.64,7.22
-1.19,7.63,6.31
-1.24,7.44,6.28
-1.22,7.36,6.27
-1.23,7.37,6.13
-1.22,7.42,6.26
-1.35,7.36,6.26
-1.33,7.34,6.22
-1.14,7.38,6.40
-1.24,7.39,6.11
-1.28,7.37,6.33
-1.15,7.35,6.26
-1.35,7.36,6.27
-1.22,7.44,6.30
-1.23,7.34,6.21
-1.07,7.35,6.30
-1.19,7.40,6.24
-0.97,7.51,6.22
-0.85,8.23,5.18
-1.21,7.92,5.72
-0.88,8.10,5.47
-1.06,8.29,5.08
-0.90,7.92,5.61
-1.28,8.11,5.56
-0.80,8.06,5.72
-1.18,7.70,5.52
-2.17,7.19,5.59
-4.92,9.35,6.09
-3.65,8.31,4.20
-1.84,7.67,5.60
-3.53,7.25,5.49
-3.52,8.44,4.91
-2.49,7.83,5.15
-1.05,7.61,5.76
-0.75,7.91,5.61
-1.45,7.84,5.51
-0.82,7.71,6.59
-1.43,7.74,6.98
-1.31,8.14,6.08
-2.29,8.10,6.12
-1.34,7.68,5.35
-1.32,7.26,5.58
-1.46,7.78,5.60
-1.32,7.16,7.06
-1.72,7.68,6.58
-1.02,7.45,5.41
-0.95,7.52,6.23
-1.54,7.25,5.25
-1.00,7.50,6.42
-2.33,7.35,6.53
-1.11,7.49,5.84
-1.17,7.59,5.35
-1.13,7.57,5.93
-2.04,7.83,5.69
-1.18,7.44,6.90
-1.74,6.61,6.82
-2.18,7.21,6.13
-0.72,7.28,6.07
-1.18,7.38,6.85
-1.88,7.43,6.57
-1.04,7.85,5.97
-0.87,7.47,5.65
0.76,8.03,4.64
-1.30,7.57,6.01
0.29,6.82,6.52
-0.87,7.79,6.00
-0.66,8.52,6.54
-0.66,6.75,5.47
-1.80,7.44,5.75
-0.61,7.97,4.97
-0.96,7.78,5.35
-1.15,7.23,6.46
0.49,7.81,6.14
-1.38,7.32,6.08
-0.51,7.19,6.54
-1.65,7.82,6.19
-1.33,7.30,5.87
-1.32,7.31,5.91
-1.10,7.83,6.22
-1.63,6.97,5.72
-1.36,7.76,5.59
-0.75,7.17,7.12
-1.26,7.50,6.83
-1.21,7.81,5.96
-0.51,7.66,5.65
-1.56,7.32,6.02
-1.52,7.21,5.92
-1.31,7.49,6.20
-0.53,7.51,6.38
-1.66,7.56,6.56
-1.73,7.17,6.76
-1.47,6.97,5.59
-1.44,7.47,5.50
0.27,7.34,6.42
-0.95,7.54,6.91
-1.39,8.30,4.66
-0.92,7.83,6.61
-1.67,7.43,5.74
-0.39,7.62,5.67
-0.79,7.19,7.17
-0.92,7.45,6.03
-1.31,6.94,6.42
-1.57,7.14,6.64
-1.06,7.56,6.09
-1.06,7.44,6.44
-1.59,7.22,5.91
-1.12,7.06,5.89
-1.14,7.54,6.72
-1.07,7.57,6.35
-1.56,7.68,6.15
-1.00,7.06,7.00
-0.76,7.21,6.08
-0.84,7.55,6.38
-2.01,7.58,5.71
-1.51,7.62,6.29
-1.21,7.84,5.97
-1.13,7.61,5.93
-0.78,7.95,6.19
-0.95,7.49,5.39
-2.23,7.57,6.21
-0.89,7.16,6.37
-1.63,7.82,5.14
-1.39,7.45,6.46
-1.38,7.48,6.32
-1.55,7.61,5.40
-1.85,7.67,6.22
-2.75,7.08,7.14
-2.21,8.00,6.33
-1.72,7.60,5.96
-1.07,7.10,6.18
-2.46,6.37,7.56
-2.13,7.01,6.76
-1.25,6.97,7.15
-1.80,6.51,9.03
-0.98,6.87,7.43
-0.80,6.75,7.04
-1.22,6.89,6.96
-1.28,6.09,7.27
-1.33,6.43,7.06
-1.65,6.53,7.31
-1.22,6.96,6.71
-1.22,7.49,6.21
-1.22,7.41,6.01
-1.13,7.41,6.24
-1.09,7.41,6.34
-1.15,7.48,6.36
-1.14,7.40,6.18
-1.33,7.42,6.22
-1.20,7.45,6.23
-1.23,7.37,6.19
-1.24,7.44,6.13
-1.19,7.41,6.38
-1.21,7.42,6.24
-1.04,7.46,6.31
-1.02,7.39,6.46
-1.25,7.40,6.05
-1.17,7.36,6.19
-1.28,7.39,6.28
-1.07,7.45,6.33
-1.25,7.44,6.30
-1.40,7.38,6.17
-1.27,7.43,6.06
-1.03,7.39,6.24
-1.08,7.42,6.32
-1.18,7.45,6.41
-1.15,7.40,6.18
-1.35,7.39,6.17
-1.32,7.39,6.03
-1.27,7.40,6.34
-1.15,7.44,6.26
-1.29,7.40,6.05
-1.10,7.41,6.19
-1.01,7.42,6.38
-1.22,7.44,6.39
-1.43,7.38,6.14
-1.31,7.41,6.02
-1.26,7.38,6.35
-1.18,7.43,6.30
-1.27,7.40,6.19
-1.22,7.39,6.14
-1.34,7.44,6.24
-1.30,7.39,6.20
-1.17,7.47,6.40
-1.09,7.40,6.24
-1.10,7.44,6.26
-1.22,7.40,6.25
-1.31,7.42,6.34
-1.04,7.41,6.25
-1.34,7.45,6.21
-1.23,7.43,6.31
-1.22,7.41,6.09
-1.21,7.40,6.16
-1.17,7.44,6.30
-1.35,7.43,6.13
-1.29,7.43,6.11
-1.15,7.40,6.23
-1.08,7.39,6.24
-1.39,7.44,6.18
-1.00,7.40,6.45
-1.21,7.47,6.41
-1.35,7.44,6.13
-1.11,7.46,6.40
-1.38,7.44,6.20
-1.21,7.43,6.08
-1.19,7.40,6.12
-0.99,7.44,6.44
-1.16,7.41,6.38
-1.27,7.43,6.28
-1.03,7.41,6.47
-1.24,7.42,6.16
-1.19,7.41,6.30
-1.10,7.40,6.37
-1.25,7.40,6.11
-1.19,7.43,6.37
-1.05,7.40,6.43
-0.99,7.45,6.28
-1.07,7.45,6.28
-1.09,7.39,6.36
-1.31,7.42,6.08
-1.22,7.43,6.17
-1.00,7.44,6.37
-1.06,7.39,6.49
-1.11,7.45,6.19
-1.20,7.40,6.10
-1.00,7.44,6.32
-1.11,7.43,6.26
-1.18,7.41,6.32
-1.00,7.44,6.46
-1.11,7.39,6.23
-1.32,7.40,6.14
-1.24,7.44,6.07
-1.08,7.41,6.18
-1.04,7.44,6.33
-1.25,7.43,6.08
-1.11,7.44,6.35
-1.06,7.41,6.37
-0.99,7.41,6.47
-1.24,7.43,6.04
-1.22,7.44,6.36
-1.31,7.44,6.23
-1.00,7.43,6.31
-1.12,7.43,6.26
-1.17,7.39,6.15
-1.23,7.44,6.29
-1.07,7.44,6.40
-1.19,7.45,6.09
-0.98,7.44,6.24
-1.38,7.40,6.13
-1.06,7.56,6.13
-0.78,8.23,5.62
-0.39,8.64,5.02
-0.21,8.54,5.44
-0.21,8.28,4.95
-2.04,8.01,4.43
-1.46,7.98,5.72
-0.45,7.22,5.96
-0.91,7.71,6.05
-1.22,8.03,4.96
0.88,8.80,8.08
0.54,7.94,6.44
-1.60,7.63,6.42
-0.88,6.80,7.20
-1.36,7.66,6.33
-0.30,8.63,4.96
-0.90,7.54,6.33
-1.62,7.80,6.73
-1.42,7.20,4.87
-1.44,7.45,7.71
-1.21,7.47,6.22
-0.54,7.64,6.64
-1.38,7.52,6.33
-0.92,7.06,6.50
-0.80,7.29,6.38
-1.37,8.03,5.30
-0.44,7.41,6.99
-0.89,7.57,6.45
-1.01,7.31,6.79
-1.56,7.56,6.60
-1.35,7.07,7.44
-0.51,7.15,7.01
-1.23,7.28,7.22
-1.18,7.77,5.58
-2.32,7.28,5.95
-0.75,7.82,6.14
-0.67,7.63,5.85
-2.00,7.39,6.66
-0.73,7.05,6.67
-1.36,7.71,5.87
-1.60,7.91,5.91
-1.08,7.54,6.08
-0.02,7.78,5.53
-2.11,8.05,3.56
-0.95,7.17,7.68
-0.04,7.33,6.97
0.12,7.62,6.80
-1.97,7.40,5.64
-1.77,8.01,5.83
-1.11,8.06,5.82
-0.43,7.92,5.82
-1.03,7.07,7.10
-0.78,7.68,5.03
-2.26,6.27,5.94
-0.66,6.99,6.46
-1.37,5.97,6.99
-1.38,6.81,6.94
-1.92,6.29,7.61
-1.42,6.65,7.26
-1.45,6.90,7.24
-1.40,6.64,6.85
-1.73,6.49,7.18
-1.24,7.35,6.18
-1.28,7.44,6.32
-1.27,7.47,6.32
-1.23,7.50,6.37
-1.13,7.67,6.17
-0.78,7.74,6.13
-1.29,7.20,6.42
-1.54,6.64,7.05
-1.15,7.60,6.32
-1.19,7.49,6.27
-1.31,7.45,6.17
-1.27,7.42,6.10
-1.22,7.46,6.26
-1.21,7.39,6.42
-1.36,7.44,6.07
-1.32,7.42,6.19
-1.12,7.44,6.18
-1.37,7.45,6.09
-1.08,7.45,6.36
-1.17,7.41,6.32
-1.23,7.44,6.23
-1.30,7.44,6.17
-1.39,7.44,6.13
-1.32,7.43,6.10
-1.23,7.46,6.26
-1.26,7.50,6.34
-1.31,7.43,6.18
-1.14,7.43,6.41
-1.29,7.44,6.39
-1.18,7.44,6.41
-1.39,7.39,6.16
-1.27,7.41,6.10
-1.54,7.43,6.07
-1.34,7.41,6.01
-1.11,7.40,6.16
-1.07,7.44,6.47
-1.31,7.49,6.28
-1.08,7.45,6.32
-1.20,7.44,6.34
-1.29,7.44,6.11
-1.24,7.49,6.34
-1.32,7.47,6.16
-1.09,7.46,6.19
-1.22,7.47,6.19
-1.10,7.44,6.40
-1.22,7.44,6.32
-1.34,7.42,6.25
-1.18,7.44,6.19
-1.02,7.43,6.41
-1.30,7.41,5.96
-1.05,7.44,6.26
-1.17,7.43,6.38
-1.27,7.38,6.11
-1.04,7.44,6.41
-1.27,7.45,6.37
-1.35,7.37,6.17
-1.19,7.47,6.31
-1.17,7.39,6.11
-1.14,7.50,6.25
-1.38,7.45,6.10
-1.18,7.48,6.26
-1.07,7.43,6.27
-1.30,7.44,6.25
-1.05,7.42,6.44
-1.19,7.43,6.30
-1.27,7.44,6.03
-1.31,7.42,6.10
-1.39,7.44,6.14
-1.11,7.45,6.37
-1.25,7.44,6.37
-1.41,7.48,6.15
-1.09,7.46,6.33
-1.18,7.50,6.45
-1.14,7.45,6.34
-1.23,7.41,6.24
-1.24,7.51,6.40
-1.52,7.50,6.10
-1.28,7.49,6.29
-1.33,7.45,6.36
-1.46,7.45,6.13
-1.06,7.41,6.45
-1.22,7.58,6.05
-0.76,8.16,5.19
-1.44,7.25,6.52
-1.30,7.03,6.69
-1.11,7.15,6.75
-1.27,7.50,6.23
-1.19,7.46,6.33
-1.22,7.50,6.14
-1.25,7.45,6.25
-1.33,7.46,6.11
-1.21,7.44,6.27
-1.11,7.44,6.31
-1.10,7.44,6.42
-1.31,7.43,6.00
-1.27,7.44,6.40
-1.39,7.47,6.19
-1.05,7.45,6.42
-1.21,7.43,6.42
-1.42,7.54,5.96
-1.27,7.36,6.30
-1.08,7.74,6.22
-0.95,7.65,6.00
-0.82,8.19,5.57
-0.66,8.35,5.69
-0.80,8.04,5.63
-2.67,8.01,4.49
-0.36,8.75,4.04
-2.24,6.47,8.18
-1.33,7.90,6.07
-2.16,8.23,6.56
-1.68,7.28,6.06
-2.83,7.48,5.96
-3.81,7.94,5.06
-1.98,8.29,5.59
-0.99,7.90,6.45
-0.86,8.34,5.64
-2.11,7.77,6.28
0.22,7.91,6.54
-1.38,8.05,6.29
-0.33,7.66,5.59
0.09,7.05,6.82
0.13,8.03,6.03
0.55,7.21,6.76
-0.81,7.66,6.51
-0.37,6.76,7.62
-0.18,7.40,6.23
-1.11,7.22,6.35
-1.33,7.56,6.57
-0.89,7.63,5.82
-0.64,7.51,5.95
-1.29,7.78,6.49
-0.68,7.42,6.72
-0.75,8.02,5.94
-0.97,6.83,6.58
-0.09,7.07,6.65
-0.43,7.14,6.61
-1.50,7.53,6.20
-1.70,7.17,6.52
-2.16,7.72,5.72
-1.75,7.48,6.32
-1.72,6.76,8.04
-0.42,7.43,6.38
-1.33,7.27,7.26
-0.46,7.39,6.88
-0.72,6.98,6.93
-1.40,6.78,6.99
-1.87,6.76,6.66
-1.41,7.68,6.30
-1.55,6.69,6.64
-1.39,7.75,6.50
-1.21,7.72,5.32
-0.58,7.88,5.55
-1.30,8.15,5.27
0.26,8.09,4.72
-0.05,8.07,5.32
0.21,8.20,5.66
0.25,8.35,4.50
-0.10,8.00,5.81
-1.64,8.11,5.03
-1.53,7.52,7.77
-0.54,7.45,5.82
-0.80,8.06,6.87
-2.90,7.75,5.85
-1.55,7.95,6.10
-2.30,7.89,6.74
-0.69,7.75,6.12
-1.36,7.22,5.73
-1.10,7.43,5.73
-1.54,7.70,5.80
-0.68,7.14,7.19
-2.18,7.46,6.30
-3.17,7.38,6.26
-1.64,7.26,5.55
-0.55,7.58,5.94
-1.21,8.00,6.74
-1.12,7.23,5.67
-0.78,7.53,6.19
-0.82,7.95,6.19
-1.16,7.35,5.50
-1.67,7.68,5.51
-1.19,7.63,6.70
-2.16,7.79,5.44
1.21,7.81,7.01
-1.28,7.67,5.73
-0.43,7.70,6.27
-1.05,7.46,6.40
-0.82,7.79,5.85
-0.95,7.03,5.54
-0.64,7.31,6.24
0.09,8.19,6.12
-0.43,7.62,5.81
-0.09,8.17,6.60
-1.31,8.07,6.45
-0.55,7.77,5.79
-1.85,8.12,5.77
-1.03,7.43,5.93
-1.21,7.98,6.66
-0.32,7.70,6.30
-0.48,7.39,6.46
-1.35,7.69,5.90
-1.79,7.64,6.08
-1.62,7.22,6.37
-0.95,6.89,5.83
-0.77,7.53,5.62
-1.70,7.30,5.89
-1.08,8.13,5.99
-1.09,7.74,5.23
-1.03,7.47,6.31
-1.07,7.49,5.50
-1.60,7.63,5.93
-0.95,7.33,6.49
-1.55,7.54,6.16
-1.71,8.13,5.93
-0.77,7.51,6.57
-1.88,7.14,6.28
-1.44,7.28,6.22
-1.04,7.75,6.19
-1.16,7.01,6.19
-0.66,6.80,6.73
-0.96,8.10,6.55
-0.82,7.90,6.56
-0.22,7.37,6.56
-1.39,7.25,6.60
-0.81,7.05,6.42
-0.91,7.50,6.84
-0.34,7.33,6.66
-1.21,7.39,6.01
-2.31,7.38,6.63
-1.14,7.71,6.87
-1.86,7.65,6.53
-0.13,7.14,5.81
-1.39,7.95,6.11
-0.38,7.90,6.28
-0.23,6.98,6.60
-0.58,7.12,6.53
-0.62,6.85,6.52
-0.83,7.04,7.21
-0.68,7.15,6.35
-0.62,7.06,6.22
-0.79,7.28,6.36
-0.31,7.73,6.78
-0.82,7.85,5.22
-0.73,7.52,5.67
-0.22,7.33,6.55
-1.69,7.20,6.20
-0.70,7.01,6.79
-0.41,7.42,6.31
-1.45,7.52,6.12
-0.64,6.68,6.46
-1.00,6.97,6.61
-1.32,7.71,5.92
-1.43,7.78,5.85
-1.00,7.20,7.23
-1.24,6.83,6.67
-1.12,6.51,6.43
-1.50,7.12,6.69
-1.15,7.69,6.15
-0.94,7.50,6.51
-0.45,7.70,6.65
-0.44,7.35,6.68
-0.33,7.42,6.45
-0.68,7.50,6.88
-1.07,7.14,6.53
-1.68,7.24,6.27
-0.89,6.42,6.92
-0.30,7.52,6.81
-1.38,7.02,6.88
-1.42,6.99,6.73
-1.52,7.35,5.93
-1.00,7.88,6.79
0.93,6.97,8.15
-1.60,7.07,4.07
-1.76,7.46,6.10
-0.23,7.28,7.01
-0.51,7.88,6.51
-1.06,8.02,6.49
-0.83,7.88,6.32
-1.09,7.22,6.40
-0.15,7.71,7.24
-0.77,6.80,6.29
-1.97,7.80,6.22
-1.23,7.76,7.44
-1.52,7.16,6.56
-2.15,7.52,6.75
-0.41,7.39,7.03
-0.35,7.12,7.04
-0.29,7.13,7.36
0.16,7.34,6.67
-1.32,7.56,6.58
-0.95,7.52,6.05
-1.58,7.71,6.41
-0.87,7.11,6.77
0.19,6.65,6.95
-1.83,8.24,6.79
-1.61,7.13,6.22
-0.36,6.95,6.39
-0.91,7.21,6.58
-0.88,7.45,6.79
-0.70,7.08,6.68
-0.78,7.49,6.58
-0.95,6.56,5.51
-1.39,7.18,6.68
-0.08,7.67,6.78
-1.25,7.06,7.28
-0.43,7.41,6.63
-1.06,6.94,6.87
0.33,6.97,6.28
-0.34,7.51,6.01
-1.39,7.36,6.62
-1.15,7.14,6.85
-1.60,6.66,7.05
-0.87,7.04,7.03
-1.40,7.33,6.89
-0.80,7.18,6.50
-1.01,6.94,6.65
-1.15,7.33,6.31
-0.23,6.68,6.16
-0.51,7.05,6.79
-0.16,7.02,6.59
-0.60,7.00,6.24
-1.09,7.27,6.46
-0.43,7.22,6.72
-1.01,7.42,6.51
-0.32,6.98,6.33
-0.07,7.33,6.45
0.15,7.55,6.63
-1.20,5.99,7.29
-0.98,6.57,7.14
-2.22,6.96,6.76
0.21,7.37,6.15
-2.18,7.50,6.28
-0.67,7.14,6.38
-1.06,6.75,6.89
-0.65,7.38,6.58
-0.64,7.18,6.94
-0.45,6.72,6.54
-0.61,7.02,6.77
-1.27,6.75,6.94
-1.23,6.78,6.45
-0.56,6.56,6.32
-0.70,7.57,6.74
-1.48,7.60,7.09
-0.81,6.78,6.35
-0.72,7.18,6.34
-1.10,7.21,6.40
-1.68,7.57,6.48
-0.76,7.42,6.95
-0.81,6.28,7.63
0.88,8.21,4.70
-1.01,7.86,6.16
-0.67,6.78,7.21
-1.78,6.82,6.64
-0.90,7.67,5.85
-1.61,6.77,7.27
-0.88,6.98,6.42
-1.09,6.15,6.19
-0.15,7.29,6.94
-0.90,6.82,6.86
-0.78,7.02,5.91
-0.84,7.64,6.98
-0.50,7.06,7.13
-1.27,7.31,6.39
-1.70,7.32,6.03
-2.36,7.73,5.85
-0.23,6.66,6.39
-0.88,6.93,6.65
0.25,7.08,6.26
-0.52,7.21,7.10
-0.59,7.41,5.62
-0.58,7.48,6.38
-1.39,7.88,6.75
-0.79,7.08,6.83
-0.84,6.75,5.74
-1.62,7.38,6.75
-0.38,6.55,6.29
0.02,7.41,6.93
-1.03,7.47,6.71
-0.84,7.13,6.53
-1.62,7.62,6.53
-1.94,7.86,5.76
-1.72,7.92,7.05
-1.68,7.09,6.88
-1.25,7.08,6.82
-0.90,8.23,5.56
-1.52,7.43,6.66
-2.07,6.94,6.91
-1.18,6.87,7.00
-1.03,7.50,5.59
-0.38,7.10,5.82
-1.80,6.93,6.62
-0.70,7.66,6.45
-1.73,7.04,6.11
-1.81,6.82,6.82
-0.83,7.44,5.98
-1.68,7.41,5.82
-1.50,7.34,6.21
-1.61,6.98,6.31
-1.56,7.53,6.95
-1.22,7.13,6.69
-1.57,7.76,6.55
-1.45,7.53,6.90
-2.49,7.33,6.37
-2.19,6.58,7.69
-1.05,5.89,8.10
-1.57,7.76,5.83
-0.80,6.99,6.21
-1.02,7.61,6.43
-1.87,7.39,6.98
-1.33,7.42,6.62
-1.61,7.91,6.40
-1.67,7.24,6.30
-0.74,6.76,6.04
-1.09,7.58,6.72
-0.69,7.66,6.43
-0.30,6.84,5.66
-1.11,7.76,6.46
-0.93,6.56,6.22
-1.15,7.71,6.09
-1.41,7.08,6.68
-0.41,7.49,6.48
-0.43,7.46,5.79
-0.38,7.19,5.51
-1.12,7.82,6.25
-1.17,7.46,6.19
-0.77,7.36,6.52
-0.95,7.88,6.60
-2.37,7.82,5.98
-1.15,6.81,6.44
-1.00,7.76,6.58
-1.81,7.04,6.98
-3.04,4.84,9.70
-2.58,5.11,8.85
-2.89,5.84,8.10
-2.02,5.68,8.45
-1.86,5.74,7.61
-0.98,6.76,6.64
-0.98,5.96,8.04
-1.38,7.00,6.84
-1.29,6.80,6.97
-0.91,7.02,6.77
-0.90,7.62,6.14
-0.78,7.58,6.06
-0.80,7.97,5.83
-0.23,8.39,5.50
-0.75,8.17,5.48
-0.37,7.88,5.74
-0.89,8.25,5.66
-0.54,7.98,5.55
-1.16,7.57,6.13
-0.35,8.00,5.78
-0.83,7.88,5.70
-0.83,7.49,6.41
-0.81,7.59,6.47
-0.66,7.51,6.81
-1.57,8.12,5.70
-0.21,6.64,6.31
-0.91,7.80,5.64
-1.42,7.24,6.35
-1.97,7.33,6.40
-1.47,6.68,6.53
-1.60,6.18,7.79
-1.56,7.13,5.99
-1.13,6.84,6.82
-1.30,6.84,6.83
-1.65,5.97,7.90
-1.61,6.07,7.66
-1.47,6.31,7.65
-1.62,6.96,6.44
-1.16,6.53,7.33
-1.67,6.74,7.08
-1.49,6.35,7.59
-1.16,7.41,6.29
-1.20,7.36,6.19
-0.97,7.34,6.45
-1.14,7.34,6.35
-1.13,7.42,6.39
-0.97,7.39,6.38
-0.88,7.87,5.41
-0.43,8.61,4.93
-0.78,8.09,5.73
-0.82,8.04,5.24
-0.89,8.02,5.36
-0.68,7.60,6.01
-1.32,7.26,6.51
-1.13,6.96,6.95
-1.62,6.20,7.87
-1.49,6.26,7.76
-1.40,7.14,6.65
-1.18,7.10,6.68
-1.37,7.19,6.54
-0.95,7.68,5.82
-1.20,7.37,6.30
-1.20,7.41,6.27
-1.17,7.38,6.26
-1.11,7.47,6.19
-1.03,8.04,5.45
-1.26,7.16,6.66
-1.10,7.30,6.33
-1.15,6.98,6.65
-1.45,6.94,6.75
-1.21,7.28,6.47
-1.19,7.36,6.22
-1.26,7.33,6.25
-1.16,7.33,6.34
-1.21,7.40,6.34
-0.93,7.33,6.49
-1.19,7.39,6.15
-0.99,7.95,5.66
-0.99,7.77,5.87
-0.98,7.62,6.24
-0.97,7.96,5.62
-1.13,7.46,6.27
-1.43,7.24,6.42
-1.23,7.26,6.50
-1.14,7.34,6.36
-1.13,7.52,5.97
-0.92,7.54,6.02
-1.13,7.27,6.50
-1.12,7.21,6.47
-1.28,6.82,7.03
-1.29,6.76,7.16
-0.98,7.33,6.38
-1.35,7.07,6.62
-1.56,6.92,6.91
-1.26,7.11,6.48
-1.13,7.36,6.36
-1.20,7.36,6.29
-1.07,7.34,6.37
-1.24,7.36,6.13
-1.00,7.35,6.49
-1.10,7.38,6.38
-0.97,8.00,5.40
-1.17,7.52,6.00
-1.17,7.18,6.57
-1.08,7.37,6.24
-0.79,8.04,5.98
-0.79,8.42,5.56
-0.81,7.92,5.66
-0.89,7.95,5.89
-0.82,7.65,6.16
-1.16,7.39,6.30
-1.10,7.08,6.55
-1.24,7.13,6.76
-1.44,6.99,6.94
-1.56,6.96,6.69
-1.24,7.26,6.13
-1.16,7.06,6.48
-1.28,7.13,6.71
-1.09,7.09,6.67
-1.91,6.33,7.59
-1.42,7.12,6.55
-1.23,7.36,6.30
-1.33,7.06,6.61
-1.13,7.45,6.33
-1.15,7.30,6.32
-1.13,7.33,6.42
-1.16,7.42,6.31
-1.10,7.35,6.41
-1.13,7.34,6.33
-1.26,7.36,6.13
-1.23,7.36,6.35
-1.11,7.38,6.39
-1.23,7.36,6.17
-1.14,7.40,6.47
-1.00,7.36,6.48
-1.29,7.36,6.36
-0.95,7.34,6.52
-1.08,7.42,6.48
-1.22,7.36,6.43
-1.08,7.62,5.92
-0.77,7.65,6.35
-0.47,8.16,5.29
-0.89,7.68,5.85
-1.01,7.48,6.27
-1.21,7.47,6.05
-1.22,7.57,6.17
-0.91,8.07,5.63
-0.85,8.03,5.73
-1.09,7.59,5.84
-1.11,7.50,6.30
-1.37,7.28,6.04
-1.26,7.50,6.20
-0.89,7.52,6.44
-1.43,7.30,6.31
-1.32,7.40,6.66
-0.98,7.36,6.54
-1.33,7.31,6.18
-3.03,7.06,5.82
-0.80,7.89,5.99
-1.13,7.40,6.76
-1.62,7.01,6.57
-1.11,7.56,5.95
-1.14,7.26,6.37
-1.35,7.23,6.23
-1.31,7.48,6.22
-1.51,6.61,7.16
-1.17,7.55,6.20
-1.16,7.61,6.43
-1.18,7.37,6.23
-1.40,6.24,7.45
-1.43,7.30,6.63
-1.30,7.45,5.98
-1.36,6.93,6.57
-1.67,6.86,6.92
-1.51,7.24,6.40
-1.26,7.35,6.15
-1.42,7.28,6.48
-1.14,7.74,5.96
-1.17,7.15,6.30
-1.46,6.65,6.98
-1.73,6.36,7.58
-1.18,7.10,6.50
-1.27,7.33,6.22
-1.23,7.38,6.18
-1.10,7.39,6.37
-1.02,7.32,6.34
-0.96,7.33,6.54
-1.11,7.37,6.30
-1.11,7.31,6.28
-0.96,7.38,6.44
-1.08,7.39,6.51
-1.11,7.35,6.40
-1.20,7.33,6.31
-1.22,7.36,6.13
-1.21,7.38,6.46
-1.17,7.36,6.49
-1.40,7.38,6.25
-0.99,7.33,6.52
-1.22,7.39,6.33
-0.70,8.04,5.36
-1.20,7.79,5.99
-0.97,7.78,5.90
-1.02,7.47,6.14
-1.01,7.82,5.96
-1.08,7.77,5.75
-1.20,7.85,6.05
-0.84,7.67,5.56
-1.24,7.81,5.91
-1.16,7.31,6.05
-1.71,6.13,7.57
-1.81,6.60,7.21
-1.51,6.33,7.45
-1.79,6.37,7.17
-1.18,7.21,6.33
-1.09,7.33,6.52
-0.98,7.34,6.48
-1.18,7.38,6.41
-0.92,7.34,6.56
-1.16,7.37,6.51
-0.98,7.33,6.38
-1.36,7.36,6.24
-1.09,7.39,6.43
-1.00,7.33,6.56
-1.07,7.35,6.40
-0.80,8.09,5.26
-1.25,6.96,6.80
-1.33,6.83,6.94
-1.05,7.36,6.48
-1.16,7.39,6.28
-1.20,7.33,6.21
-1.01,7.33,6.43
-1.04,7.38,6.42
-1.02,7.34,6.37
-1.23,7.34,6.30
-0.94,7.40,6.42
-0.96,7.30,6.52
-1.31,7.37,6.12
-1.19,7.34,6.45
-1.20,7.36,6.37
-1.08,7.40,6.26
-1.24,7.37,6.27
-1.08,7.34,6.46
-1.28,7.34,6.15
-1.00,7.35,6.39
-1.07,7.36,6.35
-0.57,7.83,6.15
-0.75,8.43,5.08
-1.06,8.01,5.62
-1.50,6.22,7.45
-1.61,5.92,8.07
-0.80,7.79,5.57
-1.17,7.36,6.37
-1.00,8.12,5.10
-0.69,8.25,5.41
-0.76,8.06,5.42
-0.85,7.89,5.65
-0.86,7.89,5.57
-0.70,7.49,6.51
-1.05,7.60,5.96
-1.30,7.28,6.39
-1.28,7.13,6.58
-0.48,7.84,5.92
-1.30,7.37,6.36
-1.70,6.01,7.94
-1.47,6.68,7.14
-1.65,6.92,6.68
-1.81,6.74,6.87
-1.70,6.29,7.39
-1.33,7.21,6.20
-1.20,7.34,6.36
-1.11,7.33,6.50
-1.20,7.36,6.44
-1.28,7.34,6.19
-1.17,7.35,6.40
-1.11,7.34,6.50
-1.11,7.70,5.74
-1.01,7.11,6.61
-1.87,6.27,7.60
-1.23,7.36,6.34
-1.29,7.33,6.29
-1.26,7.34,6.31
-1.23,7.30,6.36
-1.06,7.28,6.47
-1.06,7.29,6.38
-1.31,7.36,6.15
-1.20,7.37,6.50
-1.20,7.33,6.52
-1.04,7.32,6.38
-1.23,7.34,6.36
-1.22,7.36,6.31
-1.06,7.35,6.53
-1.05,7.84,5.74
-0.66,8.29,4.98
-0.75,8.04,5.42
-1.08,7.80,5.77
-0.90,7.87,5.86
-0.41,7.75,5.59
-0.94,7.57,6.30
-1.54,7.24,6.81
-1.06,7.39,6.30
-1.13,7.17,6.46
-1.36,6.53,7.15
-1.21,6.18,7.49
-1.45,7.06,6.71
-1.06,7.48,6.30
-1.28,7.39,6.55
-1.31,7.40,6.31
-0.97,7.51,6.30
-1.23,7.04,6.69
-1.33,6.79,6.70
-1.11,7.40,6.13
-1.45,6.83,6.87
-1.03,7.63,6.13
-1.36,7.44,6.23
-1.10,7.71,5.66
-1.23,7.66,6.12
-1.24,7.38,6.42
-1.27,7.33,6.36
-1.31,7.60,6.07
-1.30,7.27,6.44
-1.38,7.24,6.33
-1.57,6.33,7.54
-1.52,6.39,7.40
-1.23,7.24,6.45
-1.20,7.29,6.30
-1.35,7.31,6.25
-1.14,7.64,6.01
-1.11,7.79,5.97
-1.06,7.82,6.02
-1.08,7.75,5.93
-0.98,7.78,5.89
-1.18,7.47,6.23
-0.90,7.29,6.63
-1.56,7.34,6.49
-1.12,7.39,6.24
-1.74,6.40,7.33
-1.41,6.81,7.03
-1.62,6.15,7.76
-1.19,7.58,6.42
-1.00,7.51,6.10
-0.87,7.55,6.61
-0.97,7.44,6.29
-1.04,7.52,6.25
-1.20,7.58,5.96
-1.25,7.25,6.48
-1.07,7.19,6.69
-1.24,7.19,6.50
-1.24,7.00,6.90
-1.55,6.55,7.25
-1.61,6.24,7.56
-1.16,7.32,6.44
-1.16,7.31,6.46
-1.21,7.38,6.38
-1.09,7.70,5.97
-0.73,8.13,5.09
-1.05,7.74,5.88
-0.96,7.98,5.69
-0.82,7.84,5.87
-0.94,8.06,5.63
-0.76,7.62,6.01
-1.21,7.28,6.02
-1.19,7.01,6.78
-1.04,7.28,5.88
-1.62,7.00,6.72
-1.80,6.57,6.92
-1.90,6.80,7.07
-1.58,6.52,7.34
-1.10,6.95,6.82
-1.55,6.39,7.28
-1.11,7.22,6.33
-1.09,7.30,6.47
-1.21,7.26,6.31
-1.17,7.31,6.44
-1.08,7.79,5.53
-0.73,8.36,5.11
-0.89,8.10,5.40
-0.48,8.03,5.59
-0.99,7.72,6.22
-1.07,7.10,6.35
-1.21,7.43,6.11
-1.44,7.12,7.03
-1.28,6.74,7.20
-1.19,7.22,6.32
-1.98,5.95,8.00
-1.27,7.36,6.22
-1.21,7.35,6.37
-1.07,8.05,5.23
-1.34,7.28,6.42
-1.11,7.50,6.22
-1.21,7.62,5.94
-1.22,7.30,6.39
-1.11,6.91,7.11
-1.27,7.37,6.30
-1.02,7.67,6.05
-1.03,7.76,5.72
-1.04,7.60,6.42
-0.94,7.89,5.67
0.03,6.99,6.32
-1.39,7.69,6.06
-1.25,7.29,6.54
-1.60,7.05,6.76
-1.89,6.36,7.30
-1.18,7.15,6.56
-1.34,7.17,6.58
-1.17,7.59,5.75
-1.11,7.69,6.12
-1.25,7.27,6.35
-1.16,7.42,6.24
-1.19,7.42,6.12
-1.15,7.55,6.14
-0.99,7.55,6.01
-1.43,6.84,6.82
-1.11,6.98,6.80
-1.12,7.22,6.42
-1.17,7.61,6.07
-1.33,7.48,6.19
-1.29,7.42,6.10
-1.31,7.69,5.79
-1.03,7.35,6.30
-1.14,7.22,6.33
-1.23,7.38,6.26
-1.04,7.30,6.43
-1.01,7.54,5.98
-1.25,7.01,6.86
-0.89,7.47,6.28
-1.26,7.28,6.38
-1.09,7.73,5.94
-0.78,7.69,5.84
-0.85,7.95,5.77
-0.88,8.10,5.61
-1.15,7.10,6.96
-1.45,7.19,6.75
-1.16,7.61,6.13
-1.56,6.93,6.87
-0.87,7.39,6.20
-1.26,7.15,6.49
-0.84,7.62,6.07
-1.18,7.61,6.06
-0.90,7.69,5.83
-1.12,7.78,6.00
-0.76,7.68,6.12
-0.73,7.77,5.69
0.18,7.81,5.99
-0.88,7.67,5.84
-1.17,7.56,6.50
-1.00,7.78,6.10
-1.22,7.30,5.73
-1.06,7.64,6.51
-2.06,8.03,5.66
-1.45,7.57,6.15
-1.51,7.22,6.54
-0.99,7.46,6.23
-0.88,7.64,6.48
-0.97,7.39,6.60
-1.63,7.15,6.51
-1.80,6.61,7.01
-1.00,7.21,6.72
-0.53,7.35,6.64
-0.65,7.82,6.10
-0.96,7.35,6.21
-1.74,6.70,6.92
-1.30,6.94,6.65
-0.79,7.60,6.50
-0.42,7.81,5.86
-0.93,7.69,6.11
-0.48,7.49,6.03
-1.05,7.76,6.08
-1.32,7.33,6.46
-1.52,7.53,6.42
-0.93,7.68,5.95
-0.83,7.68,6.58
-1.00,8.09,5.63
-0.60,7.80,5.73
-0.84,8.27,5.62
-1.64,7.70,5.54
-0.74,7.37,6.47
-1.35,7.44,6.40
-1.19,7.88,5.96
-0.46,7.93,5.78
-1.28,7.78,6.03
-1.45,7.68,5.96
-0.83,7.71,6.44
-1.03,7.53,6.32
-1.46,7.32,5.93
-0.72,7.08,5.11
-0.86,7.62,5.90
-0.72,7.69,5.80
-1.76,7.64,6.13
-1.29,7.29,6.73
-1.03,7.33,6.18
-0.35,7.49,5.74
-0.87,7.17,6.44
-0.96,7.77,6.50
-1.36,6.40,8.07
-1.34,7.03,6.18
-0.63,7.28,5.66
-1.14,8.00,6.28
-0.83,7.67,5.90
-0.94,7.56,6.42
-1.12,7.68,5.56
-0.54,7.81,6.18
-0.49,7.99,5.91
-0.59,7.09,6.58
-1.14,7.51,5.56
-0.99,8.29,5.68
-1.05,7.99,6.02
-0.70,7.64,6.19
-0.99,8.07,5.53
-0.32,7.71,5.96
-0.57,8.23,5.71
-0.58,7.80,5.14
-1.60,8.14,5.21
-1.05,7.19,6.21
-1.37,7.76,5.90
-1.16,7.49,6.03
-1.35,7.49,5.70
-1.44,7.58,6.09
-0.73,7.88,6.05
0.06,7.58,5.96
-1.82,7.75,6.20
-1.30,7.96,5.70
-1.00,7.62,5.81
-2.16,7.25,6.10
-1.68,7.26,7.12
-0.72,7.38,7.02
-1.07,7.26,6.21
-1.73,7.21,6.41
-1.45,7.26,6.25
-1.54,6.79,6.65
-1.60,6.66,7.64
-2.06,6.61,6.61
-1.87,6.65,6.78
-1.72,6.35,7.26
-2.56,5.69,7.82
-1.09,7.19,6.26
-1.48,7.29,6.44
-1.54,7.33,6.53
-1.49,7.24,6.55
-1.46,7.10,6.97
-1.26,7.21,6.81
-1.56,7.48,6.39
-1.03,8.30,5.30
-0.98,7.72,6.08
-0.83,7.89,5.74
0.12,7.92,5.68
-0.89,8.81,5.82
-0.64,8.33,5.64
-1.31,8.60,4.96
-1.14,8.12,5.93
-0.71,7.58,5.86
-1.32,7.85,6.33
-0.99,7.36,6.20
-1.40,7.80,6.25
-1.63,7.68,5.44
-0.99,7.50,6.55
-1.04,7.63,6.20
-0.22,8.00,5.74
-1.21,7.98,5.77
-0.83,7.82,5.72
-1.39,8.10,5.60
-0.94,7.62,6.00
-1.19,7.61,6.04
-0.56,7.82,5.92
-1.34,8.23,5.28
-1.36,7.90,5.31
-1.24,7.19,6.52
-0.98,7.66,6.04
-0.72,7.89,6.18
-0.60,7.70,6.39
-1.09,8.13,5.98
-0.11,7.62,6.38
-1.74,7.72,5.78
-0.77,7.96,5.69
-0.30,7.82,6.34
-1.20,7.84,5.70
-1.04,7.87,6.15
-0.53,7.59,5.99
-1.03,8.14,6.07
-0.88,7.62,6.43
-1.86,7.16,6.64
-1.29,7.77,5.90
-1.21,6.92,6.45
-1.77,7.98,5.53
-0.30,7.77,5.56
-0.53,7.72,5.70
-1.87,7.63,5.67
-0.78,7.82,5.98
-0.40,7.80,6.30
-1.08,7.32,6.37
-1.63,7.27,6.41
-1.32,7.57,6.42
-1.81,7.90,6.16
-1.52,7.83,5.85
-1.48,8.25,6.10
-1.41,7.55,6.61
-1.33,7.42,6.24
-0.98,7.83,6.68
-1.81,7.46,5.88
-1.13,7.28,5.56
-1.44,7.56,6.03
-1.91,7.51,6.63
-1.64,7.19,6.12
-0.90,7.42,6.13
-0.89,7.66,5.73
-1.85,7.65,6.16
-1.81,7.52,6.10
-0.32,7.41,5.35
-1.66,8.16,6.59
-1.77,7.60,5.84
-0.86,7.21,5.76
-1.48,7.71,8.09
-1.07,8.14,5.89
-0.54,7.88,6.83
-0.65,8.17,6.14
-1.08,7.44,5.49
-1.02,7.20,6.33
-1.34,7.33,5.68
-1.64,7.13,5.76
-2.01,7.10,5.96
-0.73,7.27,6.29
-1.19,7.43,6.74
-1.79,7.14,5.96
-1.17,7.86,6.66
-0.85,7.26,5.33
-0.76,7.84,5.43
-0.49,6.88,6.40
-1.73,7.91,6.19
-1.31,6.77,5.30
-1.67,6.51,5.90
-1.08,6.67,6.35
-1.41,7.16,6.56
-1.77,7.04,5.76
-1.40,7.38,5.23
-0.89,7.21,6.18
-1.65,7.38,5.84
-0.80,7.23,5.75
-2.12,7.24,5.62
-1.10,6.91,6.12
-0.69,6.98,7.03
-1.36,5.87,7.96
-1.41,6.62,6.57
-1.11,7.50,6.53
-1.08,7.26,6.85
-0.76,8.30,5.38
-0.60,8.01,6.12
-1.14,7.92,5.26
-0.64,8.07,5.59
-0.43,7.85,5.88
-0.73,7.84,5.66
-0.78,8.02,5.50
-1.47,7.77,5.98
-0.41,7.58,6.52
-0.63,7.28,6.96
-0.88,7.07,5.93
-0.79,7.72,6.78
-0.97,7.81,7.10
-1.29,7.70,6.50
-0.51,8.15,6.81
-1.07,7.43,6.06
-1.14,7.26,5.86
-0.99,7.44,6.93
-0.96,7.12,6.87
-1.33,7.30,6.51
-0.81,7.55,5.66
-0.74,7.59,6.04
-0.42,7.24,6.58
-1.04,7.41,6.61
-1.91,7.19,6.22
-0.35,6.82,6.49
-0.29,6.98,5.95
-1.62,7.33,5.69
-0.51,7.61,6.04
-0.76,7.49,5.48
-0.93,8.07,5.82
-0.56,7.82,5.98
-1.00,7.09,5.91
-0.57,7.54,6.28
-0.98,7.94,5.87
-1.42,7.11,6.59
-1.28,7.51,6.05
-1.20,7.11,5.98
-2.06,7.11,5.93
-1.51,7.23,5.42
-1.18,7.69,6.31
-0.53,6.90,6.96
-0.88,6.89,6.50
-1.34,7.38,6.41
-0.89,6.93,6.64
-1.35,5.60,8.37
-1.94,6.07,7.78
-1.60,6.92,6.66
-1.43,6.88,6.68
-0.99,7.41,6.51
-0.49,7.68,5.89
-0.40,7.89,6.01
-0.35,7.57,5.66
-0.78,7.78,5.65
-1.43,7.98,5.19
-1.40,7.97,5.70
-0.59,7.77,5.82
-1.18,8.08,5.73
-1.34,7.32,6.21
-0.51,7.20,6.54
-1.66,7.59,5.47
-1.23,7.40,6.30
-1.21,7.61,5.85
-1.36,7.34,6.25
-1.15,7.78,6.30
-0.93,7.55,5.57
-1.10,7.31,5.40
-1.01,7.74,5.51
-0.98,8.21,5.69
-0.92,7.39,5.81
-0.97,7.37,5.58
-1.22,7.48,6.76
-0.99,7.94,6.31
-1.68,7.76,5.71
-0.83,6.82,5.97
-0.67,7.36,6.79
-1.28,7.38,6.05
-1.16,7.41,6.17
-1.51,6.73,7.41
-1.28,7.34,6.29
-2.56,7.05,6.56
-1.02,7.43,6.35
-0.57,7.77,6.13
-0.31,7.48,6.62
-0.69,7.52,6.60
-0.37,7.23,6.20
-1.89,6.89,6.69
-1.44,7.09,6.86
-1.57,6.69,6.49
-1.64,6.28,7.41
-1.05,6.89,6.89
-1.51,6.25,7.76
-1.42,7.44,6.52
-1.16,7.29,6.30
-1.38,7.25,6.37
-1.16,7.30,6.46
-1.12,6.89,6.88
-1.58,6.96,6.49
-1.25,7.26,6.46
-1.43,7.15,6.31
-1.48,7.60,5.61
-0.95,7.50,6.19
-1.38,7.76,5.62
-1.37,7.39,6.49
-1.10,7.03,6.87
-1.04,7.15,6.25
-0.48,7.36,6.39
-1.23,7.31,5.88
-1.25,7.43,6.29
-1.30,7.08,6.16
-1.35,6.87,7.11
-1.31,7.33,6.54
-1.35,7.27,6.36
-0.74,7.79,5.79
-1.08,8.08,5.71
-0.91,8.08,5.30
-0.69,8.12,5.40
-0.58,7.89,5.97
-0.81,7.91,5.94
-1.24,7.90,5.81
-1.00,7.79,6.27
-0.71,7.78,6.22
-1.07,7.83,5.83
-1.29,7.79,5.70
-0.69,7.87,6.04
-0.66,7.61,5.79
-1.36,7.66,6.04
-0.92,7.29,6.29
-1.33,7.71,6.46
-0.87,7.59,5.99
-1.26,7.73,5.85
-0.94,7.64,6.19
-1.64,7.55,5.74
-1.82,7.40,6.12
-1.34,7.78,6.02
-0.96,7.93,6.16
-0.95,7.70,6.15
-0.95,7.94,5.85
-0.89,7.78,5.68
-1.01,7.78,5.47
-0.81,7.47,5.98
-1.12,7.35,6.33
-0.98,9.38,4.21
-1.11,7.60,5.90
-1.23,7.75,5.97
-1.20,7.72,5.46
-0.66,7.57,5.95
-1.06,7.80,5.45
-1.12,7.73,6.12
-0.93,7.34,6.53
-1.51,7.14,6.96
-1.31,7.65,5.91
-1.31,7.28,6.44
-0.86,7.00,6.08
-0.77,7.54,6.04
-1.42,7.42,6.10
-1.21,7.98,6.18
-1.64,7.43,6.40
-1.05,7.20,6.88
-0.94,7.48,6.87
-1.15,7.51,5.88
-1.00,7.17,6.53
-0.72,7.36,6.61
-0.46,7.55,6.35
-1.11,7.13,6.67
-1.47,7.77,6.40
-0.57,7.61,6.19
-1.03,7.65,5.75
-1.55,7.57,5.74
-1.16,7.67,5.77
-1.08,7.30,6.43
-1.01,7.30,6.79
-1.33,7.62,6.65
-1.24,8.23,6.10
-0.96,7.75,5.69
-0.73,7.98,5.39
-1.23,8.01,5.67
-1.20,8.15,6.24
-0.58,7.87,6.56
-1.35,7.60,5.82
-1.33,7.60,5.76
-1.18,7.62,6.53
-1.41,7.84,6.22
-1.11,7.87,5.44
-1.60,7.34,6.48
0.27,6.76,6.95
-1.62,7.03,5.85
-1.98,7.12,5.66
-0.93,7.52,6.19
-1.62,7.55,5.96
-0.50,7.10,6.21
-1.39,7.42,5.51
-0.82,7.52,5.87
-0.22,7.31,5.88
-1.64,7.54,6.15
-1.77,7.50,5.92
-1.38,7.42,5.58
-1.87,7.79,6.38
-1.35,7.10,6.83
-1.02,6.92,6.76
-0.86,7.51,5.97
-1.57,7.69,5.86
-0.47,7.10,6.94
-0.54,7.78,5.62
-0.55,7.54,6.55
-2.23,7.79,5.01
-1.19,7.27,5.88
-1.44,7.42,6.54
-1.05,7.93,5.95
-0.95,7.56,6.14
-0.99,7.28,5.92
-0.89,7.51,5.73
-1.95,8.18,5.49
-1.12,7.38,5.97
-1.68,7.43,6.34
-1.00,7.82,5.49
-1.52,7.77,5.85
-0.88,7.61,6.37
-0.54,7.62,5.71
-0.60,6.92,5.94
-0.98,7.63,5.71
-1.00,7.39,6.46
-0.95,8.21,6.20
-1.14,7.29,6.42
-0.91,7.89,5.47
-1.09,6.92,5.87
-1.31,7.39,6.34
-1.87,7.54,5.75
-1.00,7.36,5.71
-0.49,7.78,5.99
-1.11,7.31,6.23
-1.47,7.19,7.00
-1.11,7.53,6.55
-1.19,7.34,6.27
-1.14,8.00,5.44
-0.82,7.45,6.34
-1.07,7.70,5.27
-0.98,7.67,6.21
0.37,7.35,6.03
-1.65,7.60,5.93
-2.91,8.14,6.80
-1.11,7.53,5.82
-1.38,7.34,5.74
-0.79,7.75,6.18
-1.12,7.64,6.19
-1.14,7.99,6.41
-1.29,7.66,5.65
-1.05,7.21,6.33
1.69,7.19,6.84
-0.94,7.86,6.76
-0.87,7.37,6.69
-0.47,7.19,5.85
-1.45,7.76,5.93
-1.04,7.23,6.15
-1.25,7.41,6.75
-0.42,7.43,5.75
-0.77,7.44,6.41
-0.69,7.15,5.55
-1.05,8.55,6.42
-1.12,7.40,5.50
-0.69,7.82,6.03
-1.17,7.67,5.81
-1.13,7.67,6.32
-1.64,7.40,5.81
-1.12,8.20,5.72
-1.22,7.25,5.53
-1.64,7.69,6.02
-1.65,7.59,6.11
-1.57,7.71,5.70
-1.74,7.68,5.51
-2.53,8.00,5.20
-2.48,7.88,5.40
-2.01,8.06,6.06
-1.73,7.78,5.62
-2.84,8.39,7.02
-1.58,7.71,5.70
-0.92,7.76,6.71
-2.31,7.56,5.80
-2.24,7.47,6.05
-1.98,7.46,6.46
-1.08,7.59,6.21
-1.46,7.42,6.52
-1.59,7.38,5.39
-0.09,7.95,6.98
-1.61,7.66,6.76
-0.66,7.35,6.01
-0.48,7.88,5.80
-0.71,8.13,5.85
-0.09,8.42,6.44
-0.32,7.74,6.45
-0.60,7.72,6.17
-1.34,7.75,6.52
-1.14,7.49,5.84
1.63,7.48,7.02
-1.43,7.21,5.56
-1.29,8.02,6.12
-1.11,7.76,5.74
-0.09,7.41,6.67
-0.54,7.64,6.17
-0.90,7.34,6.21
-0.89,7.28,6.76
-0.24,7.28,6.15
-1.12,7.52,5.91
-1.12,6.94,6.51
-0.73,7.37,6.18
-1.22,6.67,6.93
-0.08,7.73,6.47
-0.70,7.42,6.68
-1.52,7.50,9.75
-0.52,6.79,8.19
-1.11,6.93,6.20
-1.01,7.45,6.08
-1.38,7.45,6.62
-2.99,8.05,8.64
-1.83,7.47,6.00
-0.93,6.85,6.27
-1.47,7.35,5.71
-0.24,6.64,7.56
-1.06,7.06,6.77
-2.36,6.60,6.39
-1.85,7.23,6.38
-1.16,6.98,6.64
-0.41,7.30,6.67
-1.47,7.04,7.15
-0.57,7.28,5.71
-1.56,7.34,5.82
-1.42,7.48,6.87
-1.22,6.95,6.61
-2.01,7.29,7.19
-2.06,6.91,6.91
-2.65,7.34,6.48
-0.56,7.51,5.71
-1.60,7.27,6.96
-0.97,6.44,6.95
-1.84,7.55,6.08
-1.21,6.91,6.80
-1.11,7.42,6.26
-2.02,7.55,6.41
-1.27,6.61,7.23
-1.26,7.25,6.80
-1.35,7.17,7.00
-1.63,6.65,7.21
-0.69,7.51,6.50
-1.88,6.32,7.64
-1.40,6.29,7.56
-0.79,7.25,6.28
-1.06,7.54,6.35
-0.89,7.64,6.02
-1.44,6.70,7.14
-1.34,6.65,7.07
-1.13,7.38,6.37
-1.23,7.46,6.14
-0.95,7.47,6.32
-1.06,7.52,6.21
-1.20,7.48,6.12
-0.92,7.47,6.34
-0.98,7.53,6.32
-1.02,7.48,6.18
-1.26,7.45,6.10
-1.21,7.46,5.99
-1.09,7.52,6.29
-1.00,7.49,6.17
-1.07,7.50,6.19
-1.10,7.50,6.16
-1.17,7.50,6.08
-0.99,7.47,6.26
-1.23,7.44,6.14
-1.13,7.50,6.03
-1.09,7.52,6.28
-1.00,7.53,6.13
-0.91,7.50,6.31
-1.13,7.47,6.21
-1.14,7.50,6.22
-0.89,7.47,6.28
-0.85,7.49,6.39
-1.22,7.43,6.05
-0.99,7.52,6.25
-0.95,7.47,6.20
-1.04,7.51,6.20
-0.93,7.46,6.33
-1.17,7.47,6.00
-1.18,7.47,6.21
-0.76,7.12,7.03
-1.09,7.57,6.30
-0.85,8.51,4.44
-1.47,6.83,6.87
-1.03,7.64,6.07
-0.96,7.50,6.21
-0.99,7.49,6.19
-1.11,7.44,6.16
-1.08,7.46,6.30
-1.07,7.46,6.21
-1.04,7.45,6.23
-1.17,7.48,6.03
-0.89,7.92,5.79
-0.68,8.44,5.10
-0.69,8.44,5.08
-0.57,8.08,5.57
-1.47,6.72,7.01
-1.16,7.14,6.61
-1.16,7.55,6.43
-0.89,7.66,5.96
-0.61,8.08,5.56
-0.88,7.93,5.70
-1.30,7.87,6.23
-1.26,7.42,6.34
-0.71,7.75,6.17
-0.58,8.09,5.72
-0.43,8.05,5.83
-1.01,7.76,5.25
-0.70,7.57,6.10
-1.11,7.99,6.17
-0.88,8.03,6.00
-1.33,7.65,6.00
-0.80,8.33,5.55
-0.63,8.06,5.83
-0.71,7.85,5.34
-0.54,7.74,5.99
-0.82,7.32,6.30
-0.94,7.21,6.07
-1.05,8.14,5.39
-0.21,7.49,7.45
-0.25,7.69,6.80
0.31,8.02,5.30
-0.47,7.75,5.92
-1.19,8.01,5.71
0.16,7.87,5.53
-0.32,7.57,6.27
-0.37,7.69,5.65
-0.57,7.61,6.39
-0.18,7.41,5.87
-1.00,8.10,6.04
-1.76,7.60,6.04
-0.42,7.61,5.44
-1.12,7.50,6.01
-0.74,7.64,5.88
-1.51,7.32,6.66
-0.81,7.53,6.59
-0.57,7.66,6.32
-0.52,7.13,5.80
-1.22,7.51,6.34
-1.41,7.67,6.28
-0.49,7.31,6.33
-1.67,7.55,6.14
-1.45,7.73,6.33
-0.13,7.46,5.47
-0.90,7.47,6.73
-1.26,8.05,6.02
-1.17,7.14,5.11
-0.86,7.76,5.97
-1.24,7.49,6.43
-1.79,7.76,5.23
-2.03,7.64,6.64
-0.31,7.05,6.97
-1.02,7.17,6.81
-1.22,7.70,6.21
-1.80,7.41,6.29
-0.93,7.34,6.51
-0.33,7.31,5.77
-0.69,7.53,6.61
-0.58,7.04,4.21
-1.45,7.21,5.46
-1.49,7.58,6.63
-1.32,7.27,6.34
-1.67,7.64,6.93
-1.32,6.94,6.15
-0.51,6.89,6.07
-2.05,6.97,6.47
-2.48,7.35,6.50
-0.67,6.93,7.15
-1.21,6.93,6.99
-1.30,7.44,6.45
-1.22,7.20,6.54
-1.29,6.65,6.39
-1.45,7.48,5.88
-1.49,7.37,6.31
-1.23,6.99,6.24
-1.79,7.26,5.95
-1.37,7.56,6.61
-1.12,7.39,6.57
-0.89,7.00,6.51
-1.07,7.45,5.96
-1.19,7.31,6.57
-1.11,7.26,6.78
-1.11,7.37,6.86
-1.16,7.08,6.80
-1.30,7.60,6.64
-1.12,7.24,6.14
-0.99,7.14,6.45
-1.24,6.87,7.32
-1.13,7.41,6.19
-0.70,7.64,6.19
-1.34,7.10,6.44
-0.96,7.34,6.64
-1.17,7.58,6.50
-1.38,7.49,6.41
-1.38,7.45,6.66
-1.22,7.33,6.64
-1.04,7.42,6.36
-1.10,7.58,5.91
-1.16,7.51,6.08
-1.77,7.35,6.64
-0.83,7.63,5.79
-0.99,7.58,6.62
-0.83,7.07,7.05
-1.15,7.41,6.68
-1.30,6.66,6.43
-1.32,7.66,6.05
-1.44,7.50,6.18
-1.20,7.42,6.50
-1.31,6.62,6.81
-1.07,6.76,7.15
-1.21,7.27,6.30
-1.33,6.65,7.08
-1.04,7.50,6.02
-1.15,7.43,6.30
-1.13,7.49,6.18
-1.18,7.48,6.14
-1.23,7.46,6.14
-1.22,7.44,6.07
-0.94,7.51,6.34
-1.21,7.44,6.32
-1.23,7.44,6.26
-1.08,7.48,6.25
-0.99,7.46,6.37
-0.95,7.86,5.68
-1.43,7.05,6.66
-1.21,7.34,6.10
-1.18,7.46,6.19
-1.08,7.44,6.27
-1.17,7.53,6.17
-1.13,7.47,6.20
-0.84,8.01,5.48
-1.45,7.05,6.57
-0.84,7.85,5.73
-0.50,8.43,5.15
-0.62,8.67,4.72
-0.96,8.42,5.36
-1.37,7.63,6.02
-1.36,6.93,6.51
-1.37,7.24,6.53
-1.26,7.67,5.92
-1.23,7.27,6.44
-0.98,7.45,6.64
-0.57,7.64,5.80
-1.41,7.48,6.06
-1.00,7.76,5.90
-0.73,7.98,5.79
-0.81,7.37,5.92
-0.75,7.75,6.06
-0.11,8.06,5.47
-1.98,7.27,5.66
-1.04,8.45,5.24
-1.22,7.86,5.62
-0.75,7.78,5.77
-0.69,7.66,5.88
-0.29,7.84,5.92
-1.24,7.44,5.73
-1.04,7.56,6.09
-1.79,8.72,4.45
-0.70,8.61,6.33
-0.94,6.93,9.70
-1.42,7.46,6.12
-1.46,7.54,6.13
-0.90,7.24,6.74
-1.24,7.62,6.54
-0.97,7.44,5.66
-1.28,7.23,6.55
-1.00,6.68,6.44
-0.11,7.24,5.85
-1.05,7.63,6.08
-0.61,7.70,6.12
-0.63,7.33,6.40
-1.50,7.21,6.75
-1.79,7.00,6.63
-0.53,8.15,5.88
-1.21,7.21,6.95
-1.50,7.29,7.09
-1.42,6.99,6.47
-0.94,8.15,6.43
-0.72,7.68,5.93
-0.82,6.99,6.53
-1.11,8.09,5.61
-1.59,7.66,6.25
-1.40,7.45,4.34
-0.12,6.61,5.70
-1.32,6.92,7.45
-1.36,7.55,6.19
-0.57,7.08,6.77
-1.81,7.41,5.55
-2.17,7.81,5.58
-2.26,7.47,6.10
-1.51,10.30,4.32
-0.78,7.51,6.46
-1.45,7.88,6.36
-0.49,7.41,6.11
-1.10,8.33,5.48
-1.31,7.19,6.49
-1.35,7.95,5.98
-1.37,7.30,6.19
-1.35,7.05,6.26
-1.65,7.36,6.72
-0.96,7.39,6.79
-0.89,7.19,6.40
-1.03,7.59,6.40
-0.45,7.23,6.64
-0.96,7.23,6.53
-1.07,7.12,6.15
-0.93,7.55,6.56
-1.47,7.75,6.21
-1.31,7.51,6.09
-0.98,8.08,6.86
-0.87,7.22,6.04
-0.98,7.79,6.05
-0.62,7.40,7.49
-1.56,6.86,5.60
-1.72,7.46,6.13
-0.61,7.35,6.49
-0.57,7.48,5.84
-1.39,5.91,8.00
-1.97,6.80,7.13
-0.97,7.01,6.60
-1.69,7.30,6.30
-1.16,7.61,6.14
-1.03,7.47,6.09
-0.54,8.24,5.25
-0.56,8.13,5.51
0.17,7.90,5.69
-0.65,7.90,5.62
-0.88,7.76,5.81
-0.45,7.50,5.78
0.11,7.54,6.64
-0.49,7.57,6.71
-1.24,7.43,6.78
-0.33,6.99,7.10
-0.87,7.99,6.60
-0.96,7.63,6.46
-0.70,8.01,5.84
-0.47,7.70,6.15
1.05,8.01,5.97
0.60,7.86,5.76
-0.63,7.80,6.12
-1.04,7.88,5.90
-0.94,7.46,6.84
-1.24,7.71,6.16
-1.50,7.16,6.58
-1.48,6.47,7.38
-0.91,6.62,6.92
-1.67,6.62,7.02
-1.16,7.57,5.85
-0.87,6.76,7.21
-1.13,7.53,6.29
-1.35,7.26,6.47
-1.47,7.18,6.76
-1.24,7.39,6.23
-1.36,7.01,6.66
-1.17,7.38,6.41
-1.34,7.15,6.66
-1.32,7.32,6.21
-1.36,6.84,7.02
-1.36,7.03,6.78
-1.13,7.55,6.15
-1.16,7.54,6.21
-0.73,8.07,5.57
-1.11,8.40,4.52
-1.46,6.93,6.84
-1.08,7.56,6.19
-1.07,7.48,6.07
-1.00,7.50,6.28
-1.12,7.45,6.19
-1.08,7.55,6.28
-0.94,7.66,6.21
-0.79,7.29,6.88
-1.41,6.95,6.73
-1.30,7.22,6.39
-1.03,7.38,6.31
-1.11,7.48,6.16
-1.12,7.48,6.21
-0.90,7.51,6.13
-0.87,7.48,6.18
-0.90,7.75,5.90
-1.01,7.33,6.56
-1.02,7.42,6.18
-1.01,7.55,6.17
-0.87,7.51,6.16
-1.13,7.49,6.23
-1.06,7.47,6.09
-1.07,7.55,6.12
-1.13,7.52,6.11
-0.95,7.53,6.18
-0.97,7.53,6.26
-1.02,7.52,6.16
-0.93,7.54,6.15
-0.99,7.51,6.11
-1.09,7.54,6.16
-1.04,7.53,6.16
-0.94,7.53,6.20
-0.97,7.47,6.24
-0.94,7.47,6.24
-0.72,7.78,5.70
-1.00,7.81,6.15
-0.55,8.43,5.06
-0.42,8.61,5.03
-0.80,8.10,5.65
-0.57,7.95,5.29
-0.60,8.15,5.17
-1.66,7.59,6.07
-1.24,7.01,6.60
-0.97,6.09,7.96
-1.78,6.44,7.48
-1.61,7.13,6.52
-1.36,6.63,6.78
-1.00,7.71,5.80
-1.41,7.43,6.26
-0.64,7.65,6.25
-0.65,7.91,5.41
-0.86,8.32,4.63
-0.88,8.03,5.45
-1.15,8.06,5.32
-0.59,8.13,5.35
-0.45,8.01,5.80
-1.41,7.49,5.79
-1.54,7.34,5.90
-1.37,6.99,6.98
-0.88,7.50,6.58
-1.35,7.33,6.42
-1.34,7.38,6.50
-1.06,7.02,5.91
-0.72,6.79,6.78
-1.47,6.95,6.60
-1.05,6.61,7.26
-1.07,7.82,6.04
-0.70,7.60,5.32
-0.64,7.87,5.45
-0.66,7.46,5.48
-1.05,7.69,6.23
-1.17,7.49,5.57
-1.86,7.39,6.44
-1.45,7.08,6.39
-1.64,6.98,7.09
-0.80,6.90,6.74
-1.08,7.07,6.27
-1.08,6.94,6.96
-1.65,6.08,7.72
-1.57,6.51,7.35
-1.11,7.46,6.08
-1.02,7.48,6.24
-1.10,7.51,6.08
-1.01,7.53,6.14
-1.00,7.52,6.15
-1.14,7.48,6.24
-1.12,7.51,6.22
-0.97,7.51,6.19
-1.02,7.53,6.15
-1.09,7.49,6.16
-0.95,7.50,6.21
-0.99,7.51,6.15
-1.06,7.50,6.22
-0.98,7.47,6.21
-1.08,7.50,6.20
-0.99,7.54,6.21
-1.02,7.50,6.14
-0.96,7.49,6.19
-1.24,7.49,6.07
-1.16,7.58,6.11
-0.55,7.85,6.22
-1.32,7.02,6.66
-1.07,7.47,6.07
-1.08,7.50,6.20
-1.24,7.51,6.08
-1.21,7.47,6.12
-1.14,7.49,6.09
-1.24,7.50,6.03
-0.93,7.49,6.33
-1.22,7.46,6.10
-1.20,7.51,6.10
-1.08,7.52,6.24
-1.16,7.51,6.17
-1.05,7.50,6.12
-1.12,7.52,6.30
-1.07,7.51,6.31
-1.09,7.50,6.30
-1.15,7.47,5.99
-0.94,7.52,6.31
-0.87,7.48,6.36
-1.23,7.51,6.11
-1.17,7.51,6.19
-1.08,7.49,6.13
-1.10,7.50,6.25
-1.17,7.46,6.00
-0.92,7.46,6.40
-0.91,7.44,6.35
-1.23,7.51,6.08
-1.22,7.47,6.14
-1.03,7.48,6.14
-1.08,7.53,6.24
-1.08,7.50,6.21
-1.12,7.47,6.19
-1.04,7.47,6.30
-1.19,7.54,6.11
-1.06,7.49,6.19
-0.96,7.48,6.16
-1.05,7.53,6.28
-1.11,7.50,6.10
-1.23,7.49,5.97
-1.18,7.50,6.09
-1.07,7.44,6.28
-0.93,7.50,6.31
-1.25,7.50,6.12
-1.17,7.53,6.17
-1.12,7.49,6.19
-1.22,7.49,6.01
-1.12,7.51,6.22
-1.02,7.51,6.26
-0.90,7.45,6.38
-1.14,7.52,6.20
-1.08,7.50,6.15
-1.00,7.49,6.13
-1.03,7.51,6.27
-0.98,7.49,6.34
-1.09,7.49,6.11
-1.00,7.53,6.14
-1.43,7.67,6.26
-1.33,7.13,6.60
-1.12,7.46,6.13
-0.88,8.37,4.61
-1.28,6.90,6.88
-0.94,7.38,6.81
-1.01,7.54,6.01
-0.93,7.89,6.19
-0.55,8.31,5.31
-0.49,8.23,5.24
-1.05,8.39,5.50
-0.77,7.82,5.80
-1.04,7.54,6.40
-1.68,7.88,5.73
-2.19,7.09,5.64
-1.56,8.46,5.57
-1.15,8.03,6.17
-0.16,7.65,5.75
-0.52,7.73,6.06
0.12,7.62,6.07
-0.77,7.74,5.07
-0.62,8.23,5.35
-0.63,7.44,6.00
-0.68,7.07,6.53
-0.68,7.59,5.92
-0.94,7.07,6.04
-0.84,7.53,5.78
-1.75,8.36,7.64
-0.82,7.34,5.76
-1.29,6.07,4.96
-1.36,7.88,5.74
-0.69,7.57,5.97
-1.48,8.23,6.02
-1.05,7.48,6.60
-1.42,7.41,5.34
-1.52,7.27,6.52
-1.53,7.46,6.17
-2.09,7.23,6.85
-1.92,7.85,6.42
-1.41,7.00,6.42
0.64,6.98,6.41
-1.52,7.33,5.19
-2.03,7.15,6.43
-1.69,7.06,6.43
-2.28,6.70,5.92
-1.78,7.39,7.23
-0.62,6.74,7.01
-0.64,5.62,12.02
-0.65,7.30,6.35
-1.19,8.17,5.82
0.33,6.86,6.14
-1.91,7.51,6.06
-0.87,8.44,5.82
-0.67,7.48,6.27
-0.30,7.79,5.83
-1.41,7.30,6.64
-1.15,7.21,5.99
-1.36,7.06,7.26
-0.50,7.49,6.04
-0.58,7.07,7.18
-0.77,7.56,6.58
-0.72,7.83,6.32
-1.71,7.71,5.77
-1.72,7.81,5.25
-2.30,7.74,6.44
-2.21,7.43,6.48
-0.45,7.73,5.45
-1.75,7.62,5.28
-1.78,7.38,5.43
-1.51,7.08,6.17
-1.51,7.20,5.54
-0.72,7.29,6.83
-2.02,6.55,7.20
-1.24,6.02,7.62
-1.18,5.90,8.09
-0.89,7.80,5.90
-1.20,7.37,6.17
-1.20,7.43,6.16
-1.23,7.41,6.09
-1.20,7.41,6.27
-1.07,7.38,6.25
-1.04,7.39,6.34
-1.25,7.39,6.18
-1.02,7.38,6.29
-1.11,7.46,6.22
-1.22,7.40,6.12
-0.91,7.42,6.39
-1.14,7.42,6.23
-1.04,7.45,6.27
-1.12,7.44,6.41
-1.11,7.44,6.19
-0.93,7.40,6.47
-1.22,7.42,6.24
-1.05,7.42,6.29
-1.08,7.44,6.36
-1.21,7.42,6.06
-1.05,7.38,6.41
-1.06,7.41,6.32
-1.16,7.42,6.27
-1.06,7.39,6.26
-1.19,7.42,6.14
-1.22,7.87,6.01
-0.52,8.38,5.38
-0.53,8.06,5.53
-1.47,7.68,5.32
-0.20,7.55,6.78
-0.89,8.12,5.68
-1.51,8.19,5.49
-1.43,7.85,5.62
-0.91,7.75,6.06
-1.37,7.82,5.88
-2.06,7.65,6.19
-1.57,7.82,4.85
-2.03,8.13,6.15
-1.90,8.03,5.83
-0.81,8.21,5.59
-1.18,7.05,5.46
-1.34,7.76,3.69
-2.28,7.59,5.72
-2.52,6.65,6.09
-2.22,6.99,6.08
-2.08,7.74,5.51
-1.64,7.59,5.96
0.01,7.04,6.54
-2.59,7.91,6.07
-1.09,7.96,5.77
-1.93,7.35,5.85
-0.46,8.09,5.66
-0.81,7.68,5.99
-1.39,7.71,6.46
-1.44,7.12,6.93
-2.75,7.90,5.89
-1.43,7.25,6.39
-0.30,7.62,6.49
-2.05,7.33,6.89
-1.41,6.32,7.60
-1.27,7.64,5.37
-1.61,7.68,5.82
-2.97,7.24,4.65
-1.49,7.49,5.74
-1.69,8.40,5.58
-0.34,7.88,5.84
-1.93,7.47,6.52
-1.71,7.80,5.83
-1.22,7.83,5.17
-1.60,7.49,5.74
-2.92,7.95,2.62
-2.34,7.19,6.39
-1.33,7.69,6.19
-1.66,7.49,6.17
-1.62,7.35,6.47
-1.48,7.24,5.31
-0.78,7.31,6.09
-2.59,7.52,6.19
0.86,8.00,6.89
0.05,7.42,6.22
-1.00,7.41,6.57
-1.65,7.81,5.26
-0.69,6.78,6.91
-2.76,7.55,6.03
-1.58,7.44,6.47
-0.58,7.11,6.86
-1.22,7.03,7.40
-0.75,7.31,6.46
-0.18,7.28,6.08
-1.14,7.71,6.15
0.21,7.15,6.20
-1.11,7.25,6.58
-2.02,6.66,7.43
-0.41,7.15,6.33
-1.65,5.71,8.53
-1.99,5.95,7.68
-1.45,7.32,6.40
-1.54,7.62,7.14
-0.94,7.44,6.04
-0.71,8.09,5.54
-0.76,7.97,5.31
-0.33,7.90,5.61
-0.52,7.26,6.52
-0.63,7.45,6.30
-0.70,7.57,6.20
-0.55,7.74,6.34
-0.09,7.31,6.47
-0.27,7.06,6.63
-0.66,6.94,6.87
-0.80,6.95,6.78
-0.61,7.59,6.14
-0.51,7.55,6.13
-0.32,7.97,5.37
0.12,7.93,5.83
-0.57,7.77,5.53
-0.95,7.27,6.30
-0.69,7.46,6.21
-0.51,7.57,6.14
-0.43,7.56,6.25
-0.54,7.61,6.10
-0.64,7.61,6.05
-0.55,7.55,6.12
-0.36,7.58,6.19
-0.66,7.58,6.13
-0.59,7.55,6.08
-0.65,7.56,6.03
-0.70,7.59,6.05
-0.59,7.58,6.15
-0.33,7.59,6.29
-0.60,7.56,6.08
